52
-1
-1
10003
420
-1
31980
-1
-1
4222
140
215
-1
-1
5
1099819
9900678
65
-1
89
-1
77
-1
-1
-1
8322
97
887
1652
63487507
388
-1
-1
-1
-1
327
10619065
-1
-1
2239979
206511
1715924
-1
19763
-1
-1
565448
-1
-1
-1
-1
-1
-1
-1
700
2978
285
-1
401
480
675
185
250
347
127
12
5
7
35
86
4626
-1
64
4910
-1
2563
61
59
57
3147
77
2665
916
184
75
259
29
115
144
38
37
227
33
54
22
7557
43
9210936
26685539
1468
58769594
118227996
339
3497505
788
63615184
8173126
2752112
384
324873511
49825563
324873511
-1
8173126
28900
112653956
-1
2179
8219
2188
4074
7394
3270
1571
3420
2837
3607
708
1929
837
80
243574
84
416
617
9407
416603
392
392
104
51
972
17714651
44
316548
306
7175
4484
1955
262
-1
294472798
316
18
23494061
218870180
5833
6289
1037
5
26688
13584
13303421
58
3240239
-1
-1
82
-1
421
7
47506679
100858298
4395
264
30578277
78779
6391
31961792
1190
761
20436764
856
1203
1694702
118955
38310
3339940
-1
58122454
271052
-1
24855230
-1
105
2504
157380
290
124
85
2018
-1
545687
2351593
5981
119
228376
831
84706
76255
58793421
2466147
13255905
986
134758
46
317
1936
33
968
107
467
15226
183
168297
132
308
2382109
28609
-1
15796
335532
9841205
2382109
2382109
235097
-1
2351593
747382
433
298
2883
172
126
258368
71570416
4861127
-1
3741083
-1
5947554
23784135
314
8828
2251
59
157735
1663
467
1081455
1531
68220
157845
2609223
49951
12215
10212
186992
698346
816
68
6846290
6846290
74974415
452
892
-1
452
892
892
340
816
452
452
5186
62
34
14671
36882
56548
102697
33615
81064
184716
7692
326
66460
207398
161081
50
40040
3298
354
2354
7697
102
194
422
78
648
1896
64
1901452
1896
39136886
90186
114
93
72562
400
70378
210
-1
3168
29799447
160987
7551566
715
-1
-1
-1
325
5057
62127641
325
89880
-1
-1
157477015
-1
1131921
9961
9582713
1058623
17640980
10202
325
223544
76
2942
3497505
56164
2411682887
3497505
233181
2947
49825563
8173126
414
14651
486
267
60259
1590
712
649
377
411
2024909
222
46
7756
6
17747
61
108
312
29314385
779
2004
2550
-1
23546
6914
-1
-1
966638
39556
14214
290
38092927
34867
11157
165981995
141
121390
5485041
3316
40934858
2086
46825762
397163970
8509243
8173126
-1
27621
448002695
-1
149174
64799
4879127
6065169
114
35453596
951
-1
775048
992
1882992
4223726
945
9923580
56164
8399297
33543921
266728
561
1202
2703673
4385
731
186
731
731
585
1080
247
641
293
94
21
34
34
34
34
487
613
-1
-1
-1
-1
157
-1
-1
-1
-1
-1
-1
-1
-1
-1
321
-1
166
11
2005
302
447972
269251
273
14684430
10204380
1374676
32427
445
33108497
164
-1
-1
-1
38195
-1
-1
-1
568
3693
116608
3693
334
39844
41
983
94
42107
1808
2934
17293
207
92
21
2295
38808
2797
210
46543500
11216826
966
901610
8173126
151
233181
8173126
4485060
4395
-1
296
-1
727550
-1
-1
-1
-1
-1
1992
206831
1080
369
-1
-1
13093
262
2
10
1300
452
-1
29
22
8
5040
-1
554
262
1
3
2443070
219
13525631
6
2611
246325915
91
20
15022
32
17727
976983709
7140
15022
4201
6215954
4201
15022
33
126
426
560
4
331
187
105
60
454
-1
30
205228
30
137
914
95
4882
748
653567
3542868
1366440
897191
473248
207662
764
2406095
49959
58365
36735
190739
-1
-1
-1
1088706
24714
3380
28761
3292
561770
13730068
-1
220846688
86624
34462751
56454
1057
44442406
326774164
44442406
6191
44442406
162069320
3538
1895
3668
172
2795
173
26540422
122
-1
224503
-1
-1
-1
-1
44065
1646494
-1
11062713
255991
-1
141987
15
205
297
1258
174817
16847
497690
248
-1
731
10231
4107
27
5589
40
477823
201129500
6853
53
1190
1353524
5556915
22
277403
109
68
86
1221
-1
131
145
-1
8084064
217
41
41
265
904
404
89
8149
-1
-1
21853401
89
28838
-1
482
-1
79
-1
459
1784
-1
-1
381
-1
4133
-1
327
3447897
-1
95
207
1608740
-1
2612
246537
157
-1
-1
-1
415
152
77874239
2106138
3518400
67
1051
11220
34542
439
267363
198
1692
399
841484
16
89086
149396
51504
7396
2461312
2291
6769
6361
387
7643
208
844
260
144
1535
106
7261
591
151
48956
1632
1182
2816
299
1016
97
382
128
1103
701
2526
526
16520
43
10546
31184
9389
-1
273
-1
-1
295
61
-1
11600
25
-1
1203
-1
8572
382786
8999389
77741
20436764
-1
1707418
382786
20436764
-1
77741
20436764
1203
1370
7406954
410167207
13907
20436764
34737
382786
1108
-1
77741
265865
-1
20436764
8999389
382786
1203
-1
77741
19728
856
314886
4493
7310
20436764
1588
855
761
666
2969
388
516
3295
226
7149
174
93
64323
1523
5948735
21245997
21245997
21245997
15516201
21245997
6627282
-1
20436764
8999389
382786
8572
77741
265865
382786
1203
-1
20436764
-1
382786
265865
-1
-1
13
382786
265865
-1
81
218
218
218
218
218
218
218
61
218
218
218
2254
30
28842378
18852170
-1
674887
462
7775
1912
102
163
330
4706
230
1119
881
134
11976
530
394
4450
-1
-1
-1
-1
-1
-1
-1
-1
-1
-1
-1
-1
-1
-1
-1
-1
-1
242
-1
110
86835
2422251
16087
7814
3582
3582
-1
16588
84721
-1
-1
340
30652812
4263078
1774933
7605
438
4366327
215
113
102
190
71
16
61161
1180
438
42
61161
-1
125903
1452856
176
7328
1514
1149
649
942272
13554322
4321
405294
136
122
59
134
11380
869
913
7069
132
281
50
75
59970546
59970546
3442370
484
326
121
6738927
340792
343
3680989
-1
1948
2585
1883
945
79
805
302584
-1
-1
-1
-1
-1
2440004
106180771
5381
-1
-1
2137
-1
194947
784
2302
703
5232
424
1198
334
1552
878
822
599
14
37
-1
-1
1259
2427
163
-1
2691
-1
-1
-1
-1
665
373
-1
-1
56
45
143
218
6813
476
2278
2119
1962
858
5709
651
200
1145
4750
2894
422
2959
3604
-1
76
219
28
2289
-1
210
675
641
190
469714
279622
46916
84742
49309
1889181
5639
85902
975716
49
1026308
-1
205
5166080
49
9195
7843720
1610341
2284
2608
6810
297
28075
28075
297
6326
678
13093
17736
7701
5487
4355
2661
1604
6097
23166
-1
-1
-1
-1
75850
1212
45086
105
1152
107753
3651
85
501
11934
283
455
72
41
307
116
331
661
122
197
60510
-1
-1
10956
-1
-1
-1
141987
249591248
2002331
448004001
472
272071
15305406
1768385
-1
272071
9923580
-1
8173397
46543594
294581740
10620
8509243
15305406
1883482
96344
174152
1539401
8794892
1883482
294581740
14424410
174152
8173397
8509243
174152
8794892
46543594
15305406
1883482
21198
174152
8794892
8509243
21198
10620
8173397
69
316272061
36496
8794892
1746
14424410
141987
63615237
2002331
5182
1883482
1041594
249591248
16786216
8173397
8173397
36496
8794892
-1
174152
37756
472
448004001
46827009
7721
410
9060325
-1
637
637
4657675
637
-1
428
25500061
696
243
262
-1
9368
4360
77096
150824
9493
45704
9186
62
211010
-1
53018
181
12278
-1
139
172
1948530
775034188
949
174
139
-1
-1
-1
1081
221
212
519
-1
-1
-1
-1
-1
6511206
4
8571
8
3925513
11446272
15
8
2
18
9
2
1
4
7
224681
190
726412
539
272
2872
117775
3373
4083
13912
1972
38826980
-1
-1
52
1417
-1
-1
115
-1
1912
4540731
-1
-1
356973573
174478
502443
30302
31
8
101
56985
18
1122
552
340
1037
250
5514
968941
171
57456
121
364
364
364
128675
31997
52414
33286
364
32
57456
7741
3229
190
4340476
-1
913
-1
-1
-1
3612
517
23185168
56641
388295
388295
4018
3896074
177
30
-1
54799
290
9970
1037
11299
16321
1896
3130
340
54500
56985
391
5056
24431
2483
319
14357
932
3239
216
13
5
1004935
7
6
1
89256
64701
30160
46517
1872
5081
9
113
2
488
403
316
320442
316
320442
316
488
356
79
140665
158070
4
-1
8323
3141
176
4217
808
570
780
746425
859168741
28
8120
1054
710
783
2837
102
184721496
316875860
64083943
5808
112564171
343
273
1385
1911676
17710
1385
-1
273
62851
681
1385
136
-1
747
475
349
366
357
483650
17925624
280634
786
11300
310
86310
104078
18699
8383
10386
1312
48375
48375
48375
598
598
48375
-1
60156
7798266
11645230
-1
168910
236
587
-1
-1
62
-1
55
58
31
435
-1
-1
257
-1
-1
11
1290
683012
241
2436
-1
-1
10426
348
373
-1
520
-1
-1
52
1243
-1
214129
214129
225693
871
14
2424
36408
25720
58068786
129240103
-1
-1
-1
1923240
56993
-1
-1
-1
2287
22499
-1
96945909
596
67
293
83383364
-1
830658
751383
-1
5086
7844
698
895
1696
265
1740
12
-1
-1
-1
-1
-1
-1
2568743
787396
644553
861561
89
-1
316771
108969
170138445
-1
148
5154134
46058132
199977976
615
52
-1
158
52
52
192
52
52
52
48
52
52
52
52
29
780
570
1151
2458
507
785
20
706
6
63
612
1151
289
779
2
17
1156
4254
741610
941
82
171
17596
1241
255
3310
124
-1
-1
120088
-1
16876
4340174
9347983
67224304
71857
-1
-1
46196426
-1
-1
32859
326774522
4832655
10451210
1148
56
124
223
60379
1536
130
15
1059162
2373
78
15
31253
90472
203
8587
3938
36000
8190
2602
8294
139
134
581
-1
2548
170
139
-1
-1
-1
199
-1
-1
162
-1
102886
17
-1
3505837
1
48523659
2779
14144506
1618
6632906
5380304
8884172
70881
27110853
70136894
44447203
141
441630
5735492
1329442
3044
70881
1070868
568207
21187
186
2157
2157
121
119
459
81
114
99
73
47344
3494
6084082
1066
8
6084082
7
2867211
80634
266
1677
59798
965
-1
-1
47416
77666
517
7747
17689
26336585
2695
3599
5131
18
72951
62102
2752126
-1
1680
4956
327
978
2579
1390
273
2890
518
954
486
729
614
594
669
349
1532
498
535
462
312
595
292
3016
3403
121944
8449
7415
12239
1442
2290
31124
5535150
56425
10969817
39
130
219
481
299
505
82554
14035
24551
4785
569
4242
2328
54038
15260
4449
1675
17472
1103
662
1105
100881
2809
196
97
194
147
2321012
860973
77345330
106
20544
31
218
847901
730340
860973
81
107
218
1174
1174
314
15141880
24723015
911
1174
1174
9961409
38565184
13099
3402461
38565184
38565184
16
9961409
1944797
16584437
4197195
429
413090
813
12905
36296
1013211
2993098
203873
-1
1908099
77874745
2161
3459207
15444442
92707571
208627
636
2926
119294
2
20393
1686
6292
577
10337089
-1
3068586
15444442
23424
1000
16
111584
45
528
7892376
21
1101
391
16
55
5777036
-1
153656
6008763
768
30419223
3653019
25820000
-1
-1
821
394
-1
1172
-1
307600
7717
-1
14712
2205
5947
1720
1402
1675
1720
17503
4752
32
116
116
116
116
116
734
-1
132
146861
-1
-1
-1
-1
-1
4955
2
175792
-1
939
27675
-1
4
4
221
678
3519
-1
231
227
522
3505
36239
7267
5006
162069429
-1
-1
97089
15311
166465
297603
44
4123480
30687
26711
-1
3689
2961
1236
4736
6036
18151
289
13699
899
132
80
411
37
105
151
27
52
407
1888
1029
1301
857
36
853
914
1301
197
961
1580
297
170
322
385
597
249
512
173560
478
210
7424
2242
41675
3931
5883
1133
2007717
252
28
423
902261
350
627282
158
31867
2007717
87
45366
779076
5084777
758
608
82
-1
-1
608
18735
1553
-1
460
-1
684100
2996827
4645487
8475441
76
1244
1477
74319
96
1184451832
26
154786724
220
47999
648
31
7113254
5653
15844133
-1
-1
-1
-1
131
173
10
182
272
332
198
-1
104758
1047
158146178
67
79
4380
95263
3893
5981
67
339
31
31
339
31
122
33707
102796
126
4235
440603
2437210048
84
1021
70
1580
1674
163
119
2227
79
241
2390
26765
277
18368
4343
1893
2427
74114
14160
20992
3449
147
267
5809
247669
5809
4812901
42238905
745
12023
135
65
3538
769
284
11492
1255
2056335
341
1331848
-1
292642852
7756570
5217
619
1128245
451
267752
3691808
350
5723
4951600
459
491873
9303
738
3702
24097
3192
686
299
272
1164
3192
150
227
38
384939
15
2834
105
52
37327
2027
184
1012
19658
1108
329
197
10734
208
2000
190
374
171
276
132
126
140
242
64
119
113
505
9
1483
5885
1593
5885
-1
230
581
60
1202
-1
-1
-1
660
-1
412
-1
746
479
660
964
-1
-1
-1
-1
-1
-1
-1
-1
102
557
138
939
382
113
158
301310990
-1
578
3451
157046
-1
-1
313993
7045
19022
13951558
112
-1
4793256
16
-1
-1
279
4258
111238
11
20934
197
240
153
419
128
76
28
10076399
10076399
10076399
419
28
10003
76
36
419
419
76
128
1035
1647
2908173
1738617
3828492
216
-1
5
1
30
2
0
272460
1
1
16
7
0
0
140
1500
3687
278
149363
1997
1997
5
1523
457
1446
14
4679
3276
3276
4953
6147
4953
3186
7393
4216
954
25
18273
363
-1
229
9
166
11
11
132
191
1212152
-1
1313
64331
203
4326
305
125
-1
282
4326
4326
509
17
82126814
263
126
27
52593
114
126
127
42525
72
-1
1624
55
6234547
126
168
69
514
38
7524
504
71
504
504
504
91403
535639
93764
6553642
209536
225
397
229
749
815
172
45821
1178
148
148
-1
98
677
-1
-1
771620
9572
67146
847244
11401
15625
341714
35380
4032
35
1488
73
49
54
478
3283
120
75
27
137
577
1773
3999
407
503
381
20
1633
2050
66
38
389
162
379
374
16
104758
119
85
111
183
148
2499478
2682
133518130
2835
180
-1
-1
148373
16722
414
107202
1613
2092
13972
86
18961
4175
121965
853
25498
1834
1280
1114
4751
2500
18488
23833
377
345
787
286
471
3163
286
1760
746
1637
624
108
13
160
54824
33
27
10
33
39387
27955
112
2439
2187
910
1076
609
2936
3443
1576
8204
128
4630
3616
1499155
1499155
1058
67
941
-1
1499155
1822
639
226
1499155
1499155
4630
5614
5361688
13426834
23018879
2251885
16040368
72
60
120
44
843
89
184
224
224
224
224
224
224
224
518
106
246
83
484
6535
615
10467
361
489
13517
232
513
128
89
81
7272580
229
229
183
183
183
183
183
183
135
510
135
135
135
135
338
-1
473
25
20001
20001
20001
20001
20001
2266
35
12
2420
871
108
108
881
2872
480
-1
-1
1684
418
315
-1
-1
-1
-1
-1
-1
91
248
201
746
40
18137632
6103
254551
53588
1180049
214
143
69511980
434
25
1215
285
383
452
175
23
2706
2004
25843
754
382
7172
165
240
17180
-1
451
5729
126111
2986
52
237720
8390
2373
-1
4837952
509
617522
93181
85646274
2373
14931535
85646274
5622
265
1588175
241
1900
276
1276
4306
304
328
153
2630
932
10
551
1749
68
113
253
310
6343
123
47
104
113
5694
7723
6210
17924
153
128
2169
202
3547
6104
2224
5201
24010
2425
22816363
28
4665
3264973
447
1390
18996
2666
18996
437794
779076
219
32622
1400
1400
1400
1400
1400
1400
8778
25994
214
1473
218104
103
1101
2726
382198
7750791
6331
4192
3931174
2
-1
-1
-1
102172304
27
762
-1
947
281
13299
-1
251
261510
13
4074
8723
31
1081
325
374
8814
999
5018
9684
522
6024
111
-1
441
282
121
1475
138
206
133
47101
138
92583
38427
33405
1539
-1
259561
498532
-1
6120
76
115340497
59
63
33
330
20554758
3620
2533
144
634
1963
3415
2569
1725
127
28
768
248804
42
354699
67
75
6
-1
6838885
35
15235483
331
15235483
182
15235483
17
16805283
9462170
6183686
50050985
504
50050985
175
3163
219
1412
1078
64689
8242
307
22
2928567
2911195
-1
-1
147
1237
769
3
37887169
-1
11700
-1
69
3151
1917304
314949
178
553
6815
-1
269
32952
12063
1302
401
19
147
125
3210
84
-1
-1
169
256
-1
3959
437031
87
-1
-1
1047
1510
335685
-1
-1
24
2396
7730281
1589419
384
1882
-1
43437
2224296
-1
4024331
-1
93
-1
7362
-1
-1
14437
-1
391
-1
204217
11944354
11944354
11944354
68550
68550
443
5741154
1333
1333
100259
1091
761
1091
1675
1675
370
1091
3943337
371579
29690
21666208
2032
673171
75
68
349
200
369
4014
5613
47157
8741
1050
35944
15225
1054
19183
10240
4423
4891
1897
1476317
127
-1
160
156
-1
-1
430
811
171
-1
2258
92965826
533
4362873
4741653
17
68000034
17
-1
185
2716
762162
54225388
24048
1072522
90132
4702
-1
785744
1191
187
-1
127
38565138
11
55016
7639
97
724
170
483781
935819
155542273
28122923
6625
1445744
179375015
116743
43580795
425062
244668
182
182
-1
182
182
960
492
29817075
21
126
166205
6
240
1333
-1
15280
388
43489361
482
79
12685
2823
1962
2219946
2219946
10734288
3698
69
82
579
427295
5067192
-1
85
63452
15690434
57
-1
2300338
28804
3749
-1
-1
1
9082917
2176563
20721
20012
16840
27395511
195150953
195150953
195150953
1343
99
10664930
190
131
1664
131
1108
1715
9841454
1343
80
13
2047
223
23906900
18059
4769
2047
2047
657450
10664930
164
73
193
955
980
190
1264
61
98
-1
193
469
24
49
111
1166
66
303
51068
451
8736706
8696357
-1
-1
-1
69
-1
36
-1
1555
850
290
595
57
-1
-1
-1
-1
5017
150
-1
-1
-1
176
-1
575
-1
-1
-1
-1
176
-1
-1
199
199
-1
-1
109
-1
-1
-1
-1
-1
-1
498
-1
-1
-1
74
176
-1
650
-1
499
-1
2469
-1
232
193
394
2756
-1
1614
42495
10360
11724367
-1
231
-1
4340476
-1
-1
-1
44
-1
24067
70882
791
-1
356
11
-1
-1
7658
-1
267
591173
7669
208
-1
21077
725
1999496
335
268271
45991
588369
100
110
-1
-1
379
-1
-1
-1
424
2752126
-1
-1
772
-1
-1
-1
67
6112330
16978
3568667
5189931
-1
-1
741
1879312
678808
24106
24808
7901
-1
-1
100446996
-1
32
-1
212
33002757
-1
816
-1
-1
10017
532
148
-1
3826692
49603
2173417
-1
-1
-1
6097
11685055
-1
7208
-1
32
-1
31
139
4814
411996
626
2144
3649443
1237
681
44362926
781
781
781
781
781
781
353
353
353
353
353
353
353
353
353
353
79707
31
170
249402
2084
29
632
2207078
147
8902
2358727
2358727
3110
3588
2358727
2898
2358727
2358727
3747
2358727
1815
3013
2358727
2735
5035
3562
2358727
2650
2358727
3889
2828
4710
4030
2986
5570
2358727
3989
2358727
64128
99751
339
-1
5643381
26
26
26
26
26
26
430572
26
26
26
144661
18
144661
-1
89
3508
28
3508
0
6
7
1
6
98
553
63769732
760
227
10647654
8126617
1936
1606
224
917683
208
-1
471
2626
2088
19
146
642
13152
404
62
80
177
526
55
737
579914
233
7913
829527
483
78384
0
379
421
127
350957
566963
1198
100
137
206
1396
1894
97151
357
1306
106
493
111
1091
129
106
302
16889
51
83
45
75
10220
420
1234315
187175415
7411
9806576
1230
14
3163
15626899
74424381
18625336
362342798
42241
242937
2266983
242937
2445679
35
36
35
10
93
3411
86
40
29
24
496
76
182
166
119
29
9928677
16499
363
237
1652
254184
258116
583
1433
3902
140
23430
6130
838
60752
5245
51
466
875
649
368
-1
993
5681
2047
1212
320
70
10515397
25848
923
923
-1
926
4198087
312
84
661
441
536
265
19707
-1
29472
45028705
21
1523
-1
1644200
1878
66
28
17
51
32
22
320
10797
898
152
159
240
132
198
139
186
295
437
5
1241
1122
979
1083
874
1505
831
1095
914
348
2540
217
582
348
4468
361
278
2222632
445
15
4
2
12
447
3
3
0
2
1
5
12
1
561
-1
130
2653
326
11255
135
11255
11255
11255
11255
11255
1549
472
296
240
145
17180
34
34
187
504
55
15
551
8084
16
38
1010
-1
66
294477780
10163
132
1402152
0
4686
26841
294477780
280
9622
924
422
422
8545
19
653903
187858
-1
1106
44
492
64
2
12
15745
9
88
221752
226
255
210
312
2292
-1
-1
497
135
135
-1
-1
159
-1
1628
56
56
40
-1
135
429
349
206
234
505
761
377
1162
654
278
15954409
6738501
11488
235
-1
891
227
400
515
344
1626
350
4608
520
5793
127658
39640
23329
14
80
1358
150692
30
385
1208
18927
-1
187
18
888
1582
373
11
13
2151
14
8229
187
393
532
325
110
82
14654
-1
-1
-1
-1
-1
109
1045
124701
-1
708
62
179
722
121
5533
327
97046504
2193
454
106962
15789
31410
146106
26472
204
5871
26951
3212
1646
759463
7245
1224527
2174
3904
3950
5252
17469
948
10284
7757
54995
320
916
18268
81041
81041
90
7322
58
193713
5874
1323
1815
5543552
1489
97
204
635
629
641
335
225
148802
5872999
654
-1
340
724
2022
5963
17391863
74
3655
17391863
-1
383
1103
9810
293
2
4876706
1268
3
302
91
154
31
4554
3850
333
430
119
33885
107
15293
1376
551
797
549
49
6
4
18
190928
38748
10
16
6
14
4
6591
1
16
4
12
20
1
1
0
1
17
6961
3415
2761
2203
43661
26782
884
50857
1950
2726
1679
1824
2399
2347
1115
766
1376
909
1801
245
85
4
27862
259
64
621
1925
1871
668
1071
818
29628
606229
19
240
-1
80
457
39437
90
2116
124
4457
2250
2097
38
2114
3325
1295
59
41
23
4720887
428107
577309
114
54
18
6723967
929
348
549
1680724
639
25703574
632
69787
2800
5592
469
12089
7145
1402
473
-1
942
3071
1362
4477
498
234
379
421
161
12275
1977
203
7773
2
2
657
37
4339
3076
20352
113
21064
60156
308258
6119193
345
261
70914
450
707
261
1065366
917120
3321499
8741
907
5969
31
31
318182
6543
8996
4044
107526475
8323
9246
6883
2976
1006
19728
16086
641
79
15
28
57
18
0
22
23
39
15
31
53983
1028
7066
1028
58
36
7066
1337
832222
110
29
113
28
113
41
5
85
116
590
2070
969
-1
16606
2880
7070
1710
462
381
95985
2014
16533
278
7404
380
70
-1
1512
-1
-1
-1
24
-1
-1
-1
-1
-1
14
-1
-1
7
4
3
2
50
50
26
18
53
368
44
54
42
67
37
227
43
206
730
19
9672494
3
82
18732
1255
1255
3544
323
294
871
25
5491
9672494
67
74
1852
10061
151
1455
407
169
151
1550
31
375
50
375
429
-1
6953
1864
10839
41142
5936
8555
1348
23271
746
179
-1
-1
-1
410
106034
1031
272
49969
182
841
-1
-1
30
67
2436
1011
152
2018
347
-1
13
46546
6
53876
1065
133
165530
20212
-1
73
-1
547
8568184
-1
236
-1
27848393
13120
3736
1522
19052
77
5020
-1
356974826
20
72
89
118
480
1325
264
14
1490550
16
19
138
119
-1
1944
13595
202
1122
20600
-1
17
2803
3058
3577
6740263
9069
2688
699
948
73036
111
41411
38339
147
1927
904
730
5177
14458
-1
-1
-1
70339
9438
153235
7637
39116
87396
356526
13349
87
16021
12762
6256
-1
1687
-1
574
16708
3901
-1
-1
-1
24191
-1
-1
25
700
59
4280
219
791
722
536
2216
3659
44
16501
3
54735
643
-1
468
87258
16
99
437794
-1
3423
33
104648
9592
146
22517
4233
17091
111
647
5238
140
130
111
111
522
1942
2011
647
522
239
36
1229
145
-1
744
29208675
128
2302
404
70914
4588603
2892
78
172
181
917120
27845
63
3927
181
218385177
1259302
28
16691
113
248
5415337
146577
4562079
719416
284
12572168
27966575
296
1379
2417
22302
57174
49251
162292
926067
75166
13708
41371
1002
-1
2364
1298
11309
4461956
4077194
369
14859
5940413
235742
7118761
912
5705817
-1
64952
8791523
346398
9922
14750
2065
1958
9726
832
740
849
3822
1083
986
740
757
843
704
1936
5956
3363
2508
2202
3341
3007
2354
4258
3281
18161
4664
3808
3069
5373
5250
2370
8840
1883
2522
8604
5332
1632
1759
16609
1391
1903
1385
1908
938
10702
803
799
1344
2543
676
786
13653
992
-1
-1
-1
3175
-1
-1
841540
3811
65
390
1720
109
44068
98145
65052
1375
7518
98145
524974
2633
4983
6845
7856
755
5576
488
1082
1765
891
4397
452
208
1190
2241
7128
9799
6477
15891
5560
5063
15847
4779
5055
3211
3759
4344
4322
4133
3645
3841
5163
32841
261
14854
1407
5104
872
1436
2624
883
820
1155
736
65176
5164
5268
5689
6875
11755
1350
4382
5373
4935
5975
10930
4611
2800
2933
752
2812
851
1686
1154
1327
1141
1565
-1
987
6580
1538
459
1130
1988
270
14684
3757
92
-1
92
398
63
544
4603
-1
544
389
817
464
257
6388
91094
426
12908
15561
139136
255810
-1
291
15
-1
-1
-1
-1
-1
-1
-1
19117
88
-1
11031153
53
111
20634
66
17
5191357
47673792
71
14390
231651
41860
4336
-1
235
-1
381
13003
238749
656
1950
561
39777
59827
9339
1071
127533
323737
3632
145775
10679
191660
116692
317
4240
1204
-1
18083
1703
1660
13171
475303
27666909
600
2325805
98
68
96
75458
1716
2036
4014
244
6426
30600
73225148
7486
2305
810
810
810
810
4211
810
810
91
510
-1
4603810
-1
187
7
-1
-1
36092
-1
58951
64
5144114
-1
-1
666322
81
1224
2850854
640159
11
24570
20
119
-1
58
158624
125512539
-1
626
533
251
3444
295
287
954
2168
3467
290
261
450
450
-1
-1
51495
167
2142
987
100
280
897796
-1
10378
124231
3799
2256
1755338
13527930
164
14896
50145276
6245
8572
5707
5844
810
550
11211
163630
1829
931
550
503
297199
702434
1558
-1
25500
48322
261
82
82
1020
82
165
82
82
82
82
658
82
82
1622
4451
1146
45
587
3269
260
677
6724
152
351
2794
1682
1063
943
950
7061
2145
2195
6190
4723
2024
417
34570
48530461
111340488
15
8
29
16
47
19
10
16
23
8
16
94
7
43
19
15
18
137
33
1
3
3
13
5
2382
3
6
4
8
21
32
36
388639
22
27
7
14
45
15
206
7
131
46
38748
258
21
85
85
4910
220
-1
311
-1
4579
4579
4579
21
8
19
6
8
14
2
12
1709
22
17
29726
16179358
15590140
20602295
656
1239845156
7642018
1271494
3924
957
62
815
4420
2758
6576
277
155
309
241
188
383
4694
738
57
51
33
83
48
122
266
33
3967
3573
405
309
499
1062
157
99
297
3967
9
-1
73
-1
-1
302
95
-1
-1
-1
3108602
607
840
62331
25627
466
24715
3547743
152099
129666
7765537
4527910
9558952
20
20
23
38
1259
2873
8
16
68491
3
2
3
1
2
1
4
29
2204713
2204713
7672
50
47358143
88097364
45684
12699642
3912498
360744119
6218
-1
-1
-1
95
89037
-1
275
17
280
-1
477
322
3081942
-1
1828
1784
1920
15783750
1739
43
2011
2540
43
17
107
2732786
44
38
202
69898
319
-1
437794
808
-1
808
208769
172502
531548
501968
511498
114243
234062
89858
85148
63890
7212621
3184
236296245
5216
1869
1869
1925
1869
1869
83384595
-1
7
5047
1090
1431
4237
932
82
5178
6544
88
33
82
488
101
2110
118
540
28
39310
-1
-1
-1
182
191
-1
139
58
35
2409402
35
35
35
150
75
77
548
83186
2007
2007
30
40
12007
64
55170867
36542
4715
524
610
-1
3589
315
55170867
28349
3589
18
172
182
1688
15
19
26
-1
590
-1
2545
851
426
102
696
435
-1
1224
251
541
-1
53
-1
13
5082619
46
-1
152
54590
190
1090
37
45
448
92
-1
748
761
13
1897
-1
2299
16260468
668
594
732
280
764
381
297
1872947
202
564
2367217
600
452
452
15614
923
2398461
1331644
278
19620
-1
1448070
-1
3384
4752
7203
1430
22155
7896
155
15571
45309
248
-1
-1
14
85
-1
54
-1
-1
290
261
-1
450
70
55587
18581150
9887
-1
-1
599
6279
4127
917513
487210
94818
221
7195
91
6298928
7713
586
21
89
280
1
430
275
1272
135
324
6
176
11
109
103010
-1
214
98
-1
214
-1
-1
-1
36953238
24132
114775
-1
392574
67339
124881
11686189
237439
392574
392574
3726
234
-1
341
172
265
76
133
136
52404
34667
670126
91
185
-1
59603404
14359
70184
38
674230
3395
247
2362
657
455
97
108
1134
526
18044
1769
29
789
1349
150
3591
1637330
2792
2792
535
2792
2792
2792
2792
2792
366
1124
1124
501
2736
1124
1124
935
1124
1453
1453
895
23
929522
35
17522881
23
35
819
669
1281
19130
844
964
1012
2394
959
-1
-1
14
-1
6
-1
-1
41
-1
-1
-1
4595
576
2506
1105
4742434
2867
149495
128142
45617
5767901
5303
97
52404
5303
684
16035
359
1292
10749
1672
-1
6255
53
2388
3540
-1
