1411
322
322
-1
-1
-1
-1
-1
-1
106848
-1
1259675
-1
925
6353
17274
4831
2981
629219
7453
990
28265188
-1
-1
64
2588
6731517
-1
51748457
496549
27795
1155929
-1
327
-1
-1
-1
318
125
55
3613
-1
830
-1
-1
2868
102
73
138
12
6
23
10
56
10244
8276
2596
196
17
456641
265
2281
6073952
92
120743
16299
1375391
154274
605411
20025
363
904
166775
8682
-1
935
786
8061532
435
294254910
38495073
312
93191482
16
45
13519
49528418
250
1323
-1
45
9903834
-1
606762
9903834
473
484253838
49528418
93
37
1610
143249
47229
177685
7434
-1
2736138
1086845
1460
595760
79
-1
2742
8018
216
800
1132
-1
-1
4899
-1
-1
-1
67419178
2033786
9495588
9934
23067
3695
9422
85786
1715309
15578047
8500
56903
55
4171887
76
11358581
9
1687
9
15
7
5
20
16
23
16
9
4
4
12
3
6
40
10
12
12
16
17
-1
51
7
3
248
594
29
12
33
2
16
51
-1
1436
3707964
483
890
54
304
-1
-1
1570
2732
-1
947
-1
99
-1
55
-1
-1
156
343
2944
-1
54115
-1
602
259
-1
127
3871
29
-1
669
25
-1
165
9892
379
-1
242
-1
-1
214
558
-1
9
12
82
2
932
19
112
271
-1
1214
736
-1
-1
-1
-1
57
190
87
75
19
87
16
194
22
-1
26229591
279
23144008
29
35
18
-1
-1
6058
-1
366
3846
171
8588
14765
-1
6936
1549
2600
46
13
114049
41691
11
49
4504591
300533
343
19
7
256
15086260
215
1153
46
28157
857
1611
112
31640
11327
540
289
330
1884
305
133
37683219
76
22866779
195
289
32505
4018
2156
396
649
534
326
9983698
17497316
714
649
17497316
2456
10216
703
98448
649
63921505
4672083
84
1251
264
324
2808
8
323
156
3
1436
299
29018
44
190
47
656
577
2787
130
475
244
41
181
51
32955
141
8128791
836
1898
179754
640
697
5
110564
11434
85656
322
69
247
469
7423
-1
2894
7423
-1
1592
-1
-1
1156
-1
22
8267
1689
35
3773
2607
-1
285
286
-1
-1
21
61900
13902755
2180
373384686
379
-1
26350
111
4035
1406561
284
180
34
56
387500088
253594792
99
387500088
180
56
34
51
1110
370
475485
267
671
215
226
219
671
19
11
6
5156
864318
99
20839
23675545
12682
204
1996756
50362
-1
1546993
19344236
23713831
4229661
14137094
20887254
14241423
4422419
1004
61127314
3468051
28
76777
64212206
63921505
1098808983
16
636
39
2830006
40244
510998
482171053
107
18105
-1
-1
44083
-1
21423297
-1
-1
-1
-1
-1
16
72
1483
2362
35
2111
76
351
15
30
22
31
15
19
8
147
7
7
21
31
11
19
10
10
13
99
12
25
42
-1
3299
-1
-1
593
764
152
1374
-1
-1
275551
529
-1
-1
-1
174710
198
638
124
1078
1023
196
140
1037
6643
6643
6643
2399
1244
329
2934
26067
47
269915523
2928
6
4246367
315
-1
-1
315
44
21
623
-1
-1
-1
45
10
6138
4052
4052
2852
10935
128
6632
700
-1
24230
43
49
2980
-1
1505
5034
-1
879
50
213
284
317
205
-1
-1
2981
-1
-1
33
-1
596
8853
33735552
-1
28
130512462
3695231
206
2095
9310
74
9310
193
354
520
129
407
90
131
9310
131
9310
-1
656745
1996756
4303
90
4433
860
36
-1
-1
-1
-1
49
-1
-1
237
1237
607
1010
182
249
62
62
249
62
249
62
182
811
29042
706
416
41200
4003
7259
212
268
457
86
15
-1
64
-1
34
-1
8999806
2369
552
-1
23070341
-1
337893
1353952
2103253
10373949
31388676
10097979
419074
227696
3970559
1736585
11
-1
87
30
11
476
-1
-1
122
2759
-1
356705248
-1
12717108
-1
-1
-1
21250
548
-1
-1
87
5482321
-1
754856
377
226899
468552
2317387
10922
81926
85682
14921
115569
16760
273190
473
138
1308
-1
107484
13
9001
281257
2633816
364
3013
1107
3362016
462
1828
364
98
318
27153
909
1670
556
70
952
30
4
48
48
31
2
3
15
6
4
2
5
-1
18
-1
-1
3271
62
93927
57
32
33
147
350
-1
1
-1
940
2047
2047
2047
118
190
1545
1757
103
114
598
132
248127877
3172
222
2641
3170
1094
6679
857
113
615
11635
3683758
-1
339
24561819
512
417
304
718
803
628
333
2065
333
1539
51
2681
100
51
333
333
204320
42
11376
25985
1273
1273
1592
-1
-1
182
71
47
764
118
229
175
37
75
7557
190
4589
4074
208
279
677
1961
6687
735418624
1273
16
2047
751
7
269419218
18147
4378
1252351
63593
2146
713488
154676030
1107
26284591
66
21725
743
1326
168
289
244
301
10422
21725
2087
683
7620
9337704
3451600
467
7205
375662
1773608
252
1694253
172160
13099731
66866
60568
-1
64611596
8028
125
14
2206
2392
62
514
385
51
2067
1908
1445
120
146
495
278
8201
2206
1482
-1
3199967
948
318
267
3474
-1
1438
47
-1
170
-1
10708871
10708871
2715
32963
-1
-1
41
108
1753805
-1
-1
-1
-1
973
47
104486
139
554
1769
2383
-1
-1
445
-1
36454
141
59
-1
28620721
8636
8263
3504
12780
37357
2425
3777
-1
-1
-1
-1
-1
-1
-1
-1
-1
-1
2870
589
7972
91635
5603
526687
24
581672
1655
1055
518
1979
5262
87
930
-1
-1
660
-1
-1
-1
159
-1
75
381
435
1349
26
464
1428
-1
-1
-1
1017
1017
-1
-1
1017
1017
1017
33
18
41
40
-1
545
256
165332
70859
32133
15
21
171249
26804969
-1
87
379944543
273
151
178
-1
55
231
-1
-1
7729
521
6229
3397
132571
916
31
-1
-1
5656
-1
-1
752
965
-1
94
12875
7965
651
290
6936
4612
377
41560591
9
-1
107347
-1
123
-1
37513
82
94
-1
-1
-1
-1
-1
107347
-1
135834
1249
107347
173207
3318
-1
-1
54
-1
-1
94
441812
-1
-1
-1
-1
965181
1931
3788
-1
-1
-1
2396
-1
-1
135
224
325
112
334
45
57
-1
46
110
110
8078
56
26
19120
5637
5637
5637
5637
5637
5637
41
5637
213
-1
5061026
75
6595598
-1
-1
6319
-1
41
178028
66659806
13705374
14
30
217
1920
-1
483
176
299
81
-1
-1
483100772
7940927
32
13343441
-1
300
20
250
26958514
9605516
221
2679780
910
227
-1
-1
-1
-1
-1
108830
83
146
19
55039
338
2078
1584
19379
1819
133
722
629
361
2172
946
5820
5271
187
262
22
49
1872
49
530
14709
11051
83
125
128
429
1032
118
118
118
118
118
118
83363
-1
129099
12010878
4003629
27212403
686
5941367
178182
8
21
1225834
265960
298405
4003629
96620
24345
668184
175
4471029
36138768
-1
42210614
14864491
686
9251386
55376
-1
102
-1
-1
-1
258
-1
292818
1691
1691
1691
21909
2095
51800
3
82306
788157865
92
91
91
-1
-1
104
-1
-1
-1
-1
-1
-1
-1
-1
-1
-1
48
-1
1490161
-1
-1
90
90
165
90
573
685
1552
-1
90
35
2128
2273
3126
297
5012
1261
943
551
1545
112959
28614
52
2891
861
154155
255
75
74
15294
87
12204853
2330
1366
2185643
-1
37
72093
96
241
38
4420
88
139
79
181
10
139
379
379
379
379
253
379
379
379
379
379
379
379
379
273
54542428
49
1539923
8
361
361
361
361
361
361
361
361
361
361
148
1122
-1
-1
-1
-1
-1
-1
-1
-1
421
2172
270
434
346
-1
-1
319
51
603
-1
1119
119
300
945
-1
945
131
119
-1
82
152
13
1260215
-1
38
-1
13818887
-1
113
99
29
-1
-1
-1
5528
757
4620
22
888274
641
0
326771
83961
461
100005
752
387045
2804
8107
95
2804
752
604
1226
387045
-1
2804
387045
-1
67
387650838
354785610
8726
275
941
1414
233
293
118
4
669
10995483
10995483
120864
934077
8
3048
83842
-1
812304
15
412
1555
752
203592569
1376
1331
620
-1
6821
137
3020
429
-1
111379253
1053
8576
4250
8795867
-1
-1
-1
-1
-1
-1
137
137
137
1490458
137
7858
186753
738
358988
-1
-1
5312
-1
145316
349
6360
83
13701
5342701
250
202
645572256
1494
769
38839837
70133181
11350351
5824209
98264
1623
-1
74237212
5709
5709
5709
2550
4829912
18
9559
179
128
76576259
920
714
40
1241
714
7507
-1
453
20526
117
-1
5904841
1082624
1475863446
13076251
16668
60
60
60
60
111
17
-1
-1
-1
123
80
157
291
22208
70555
6985
27967
-1
2376
-1
38149304
128
76
3123
-1
16628111
72
319
189674
33
186
189
3777
114
5924364
143
21272309
100
261
493
651
838
-1
-1
-1
793
1475
166
404
-1
41
-1
99950040
1277
-1
-1
3150
7
3
4
18
4
-1
5
7
3
-1
30
5
11
11
14
9560
69233
25001
486
1394011676
1107418
2020
443
652
-1
-1
-1
-1
281
1434
1506
92
128
2681
557
263
-1
1578
3879
-1
-1
206
-1
19454866
5382
331
-1
46
998
7
2251977
56
59
60
528362
60
424
66
27986487
743
239
120705
-1
1475
92
6
-1
-1
-1
-1
2
135
33199256
212
1002276
121
615
-1
1193623
22226378
19447841
2713902
-1
171
1006
8
122
257
63549
73434
2068
165984
142116
397
9075
-1
2800
1476
1128
3942
-1
15909
777
29709
111
828
926
964
-1
242825032
132555
1633868
955
1474
-1
157404774
1803
789
6
143
1559
11598225
162
1383
881
744
2056
1591
348
653
778
361
252
290
298
1029
-1
1054945
103
750307
-1
105
102
3123
1263
559
847
1200
516
-1
31155
1085
342484113
-1
57850989
8419
578
688
1745344
6
473
-1
92758786
62500
-1
41
228
901
129206858
356
2492
473
-1
1403
4872
295
438530196
438530196
2721589
33152
214
209769413
209769413
283
23546320
39
62622778
901
438530196
438530196
136470024
1072
560322
-1
1193421
1495804
4872
-1
62622778
1854
901
438530196
1854
10976154
901
1403
24590
209769413
13468744
564
-1
29470459
12
252
473
1905
1403
24766072
59
3146329
19311722
35125888
26437679
239
41
1162
33996711
1162
45207
682
60809
1283
31787
17758
-1
1170
8
12863286
1198
32
127
196
15000
37
54
-1
2736155
-1
-1
-1
4182
-1
103588
86
898
502
-1
-1
46
158
10616
615
3167
1383569
83
83
83
83
83
421
421
421
421
83
60513
14649340
525
11233940
403
2470
148
598
682
-1
125
-1
588
0
1149
21
4015
58078
318437
-1
5033
-1
2973477
7143928
17590
8080
5747
36
4672499
102
102
102
102
102
102
102
102
102
102
102
102
102
102
102
102
102
-1
-1
102
102
102
102
102
102
102
102
102
102
102
102
102
102
102
102
102
3471945
760
465
72
2370
15082633
93
911
4329284
78462
7232639
100
100
65
26
100
100
2
100
100
8440
584
67
863283
48006
343906423
7892401
6752
640532218
618
26390762
-1
149720148
490401
91860
2002791
3802256681
545143097
101
526
40
41934043
8101
3081
819
819
5960
819
819
819
161
-1
-1
-1
-1
191
21750
257
316
10577
1063
1068668
6993939
777
138
159
143
1911
236
171
129
221
429
224
159
354832
323
519
716
9426
-1
8397
186454
252
901
1039
901
17838
-1
-1
5346238
-1
2236
20
1760
1760
165
1760
20
2236
7192
3620
276
1954
24139
5585
8500
431
-1
608
332
45
45472
0
13
570
181
22
22
-1
134
-1
570
-1
-1
555
-1
-1
-1
-1
452
-1
-1
-1
588
25
149
-1
-1
203
-1
-1
702
-1
1217
255
195
325
979
247
219
263
590
487
1597
1152
656
725726
743
42
284479
315
181586
114456005
2193
78
2081
48581535
7667
6777
139015
-1
-1
-1
-1
1
1354
3
-1
1066
198
78
323
48
2430
101
624
556
7649
1487
378029431
141037
24487
55997818
1674
-1
123
-1
1495
747682
-1
908
8513651
636
813
80602
8672057
35
1408
16
37
48
745
39
245436
4860149
335065
25875210
47283180
417
242411
161
252
56
258
19
97
303
366
9
27453
100
2730
150
44
184
2799
28304
-1
1154076
267
235
6
82
84
81
-1
512
99
275
164
470
104
-1
-1
195
-1
857
685
152
-1
685
252
4744
2088
45
1163
-1
83
-1
83
-1
4744
604
795
11
364
7
8
374
364
1208
341
818
978
4309
568
1201
1454854
66
3440784
33
2965
86
-1
34
81
276
12
-1
137678
102667811
9
1541
311
-1
796
-1
242
242
340
9
242
139
7392508
167893
61988
2410223973
417
161
97
151
2543410
39786661
677661
1180870
59484
266
34912128
39786661
1258
11192
34912128
289598528
9431982
67032049
340052
67
85
64
108
53
69
53
110
262
-1
8771353
207128
67
1084667
551029
692344
161
10744
6861
1053
201
622141278
2293
53768
2592
20987679
1035
10930
152809759
2444
119
10025
-1
8968
176470594
677
63
1489
10517421
-1
4062698
108911
1001
53013
4048
132
499705
43
-1
4594
1583
-1
99484
9728
592364
-1
8
55906816
-1
78
5762
-1
-1
5718
-1
669
2864167
2653451
-1
275
508
1749
-1
878
52
-1
-1
-1
-1
-1
-1
3964
317
3
222
204
28132
339646
174205
-1
5049
1487
2277
65469
41
14923226
15924803
128
1489
14923226
4826668
42401035
38
-1
12224
553
133
-1
17871218
38
-1
39
37
92
28
85
33883
26
77
44
34
29
22
208
2142
2142
-1
84
209
68
14037
223
48
248
1026
1020
207
695
627
13137
284
226
39792
554059
10295
30208
543173
241
83
30087
216612
45207
52555
216612
-1
442
1639
3574
14583
354
218525690
72
-1
-1
-1
-1
-1
28952
3853
2850
1111
1269
345
541
664
3785
418
1574
83
7421
1631
379
724
17325
254
633
45356628
749933
258
254
633
9514
536048
-1
1396
862
-1
1396
292347
-1
114
-1
62
17
54
-1
2277
26697
1802
4508
-1
8
22
16
5
16
15
19
43
15
4
11
19
7
102
1735
10157354
42714
3134972
389
589
113
67422129
3514
176
338
1563
80
195
799
747
278
10029
75
-1
-1
1797
5474
223
223
-1
124
1026
185
338
397
469
119
5706
-1
30
-1
1619455
155
294
46
18801
35619
30175
25846
1503
294
117
-1
-1
-1
-1
-1
-1
322717
-1
-1
-1
346
23991134
-1
-1
208
115
12
-1
-1
-1
301
1352031
651
378
938
4430
170
2596
5589
-1
2596
2596
2596
2596
2596
620
1599
576
3011
196006
1467
1405
70
3065
142
230
3304
-1
-1
-1
-1
-1
-1
-1
7
2
5
2
0
0
0
4
8
1
9
2
3
13
17
0
8
0
6669
6669
6669
6669
6669
6669
136
6669
6669
6669
6669
6669
6669
214
2727
1780
-1
2206
111
-1
51
708
-1
4175
2005
141
-1
24
-1
-1
11428
11428
1375
1627
842
842
1627
1627
2194
1627
1059
287
237
94
-1
1627
582
1627
6130
1627
45610
1627
253
1627
1627
1627
1030
396
62992
19619
7740
1627
68
68
183683
1627
2048
2048
4175
4175
13062
62
754
754
527
12
731099
35506
5789965
1037918
35403
5242979
118
750
379
3346
213
950813
7219
44
4101
202
25998
17718875
4673934
6917968
8493207
26496174
-1
10564618
3738483
141382
8022118
1064
64566
-1
-1
-1
-1
-1
14083
2382
-1
2382
-1
-1
-1
49
135
-1
391960
-1
-1
1162
2984156
-1
9802534
116527
-1
2687
29909
13729431
3278842
3336249
3450726
42756785
44193748
31151825
518045
1025135
10353194
154158
139850
27189
1394
165
139668
-1
-1
9257849
26496272
2
4559907
495733
-1
-1
-1
-1
-1
-1
-1
-1
31
-1
-1
-1
-1
100623
31
28284
-1
-1
342
211
-1
-1
236
-1
93
93
116
93
93
2
1
4
13
36
7
1
2
5
1295
4
70
34
3
1
3
4
2
2933
170712
1474
4296
229
207
8585
3090
13502
888
207
253
808
9265
9
1990467
2780
6729
635692
89133
5977
30
2780
635692
608
83
-1
1705
198
-1
-1
-1
-1
-1
425081
-1
74088
357
245
50943781
623
-1
3008
5231
-1
38435815
5476373
-1
61007
186
236328688
3528706
-1
6304
-1
14457
6014702
450
450
7724276
98855
2181
9478082
18207
218549
206821
38164
76
-1
13610
286436
106561
-1
-1
-1
-1
-1
-1
-1
2180953
-1
-1
-1
7586
63318
12465
9089
19445
803
20840
-1
-1
50056
28854
5724
17485
1007345
1312225
5729446
13972
543909
42276
966
2167467
3751
549
537
314
66
31
25895
25895
-1
25895
25895
25895
25895
25895
406517
-1
1784
2105083
-1
-1
128726
-1
-1
2409
363
1
3035
1
1
1090
-1
-1
-1
530
-1
-1
249
530
-1
-1
-1
-1
-1
-1
221797
16194098
-1
583
-1
-1
-1
-1
-1
-1
-1
-1
-1
-1
-1
-1
-1
-1
-1
-1
-1
-1
-1
-1
-1
-1
-1
2379
-1
-1
-1
2240
3584
144
20131
13443
298
747
-1
233
111
426
-1
-1
192
-1
929335
929335
-1
-1
-1
64
-1
115
45
-1
-1
-1
-1
128
94
-1
90
775
287
178142
124
-1
-1
-1
615721
721537533
-1
-1
-1
-1
-1
-1
44
2202
18324
116
13670487
3883884
56
286
144
2359
30
257
55
892
-1
87
-1
212
-1
67
613557
107
75
54
723258551
3175681
-1
62
-1
1382416
-1
-1
14554
1097
30704
564
810
806
685
2462
4119
277
310
5214
1232
7028
8354
21751
-1
4037
4129
220001
360154
360154
220001
1084
1944
35
245
1569
292
2614
35
2138
1442
94
21
-1
129
129
129
129
129
129
129
129
129
34
726233
3182
48015663
2985
48015663
349498
-1
63927695
59
892835
-1
-1
349
475
1210
1447
2248
475
1447
217304
8011
4071
1473
24092
49214
36777
2606
14
37104
46
236
4872
4872
3061
14
830
4872
4872
40
84
373547
114584
30290
830
4872
773094
291
233
6667
209
991
1253
90649118
13306292
1853
1280
38012
1505792222
-1
326172252
39
5277581
17852534
99
61567
6380647
840
405
70
-1
-1
587
-1
260
1442
28
26
-1
304
-1
3
304
37
3946
6376
260
1442
1842
54
2614
775
2944
510
1165
17494
526
202
13
-1
541
375
216
-1
-1
-1
294
-1
-1
-1
12590
-1
2042
69
907
8
12517
211
111
691
29
14
40088
88
-1
216
-1
-1
215
270
50
1391
85
5510042
54
7303
5018
9
6
13
181130
23363
22135
22135
23
439
-1
-1
-1
-1
-1
-1
-1
-1
-1
-1
-1
-1
220896
37029
166
78986949
384706
1328
-1
-1
164
-1
-1
101
-1
-1
-1
-1
-1
21240837
1078
968427
265
2418
925503
13332876
137
4789
912789
417224
1446954
132797
1023571
22648
22648
3168
6650
2639
315
15965
526783
251419
-1
-1
6765
561
-1
116659
0
37
6964
2883
6811
33111
103
2109
114
591
2164
22983
3025
23750
79713
1372
43
18870
22
-1
761
2596
21533
-1
-1
571
3044978
370
6885470
93796
660
505
155
568
3637
2677
167
112364
253
118
118
-1
2268505
2268505
-1
3924685
412
670239
15128
1003
261607
137
125
92
280
157
106
73
94
141119904
107
99
105
151
90
74
633
177
279
78
103
37769
129
451557
6074154
74432901
101045444
-1
9618801
5921572
599
-1
83
554
301
140
599
2470629
769
294
127
-1
17691403
98
-1
19603
277
-1
570272157
170989198
266936
38419
1827
0
-1
19469
546
74620111
1441656
1335246
-1
3782
5275
409
11687
9245
427497687
7855
9328
2029
5272
2515
8553
7885
2865
2510
3329
3826
3457
900
1584
783
2967
270
299
2231
291
81895
11691
46
4843
397
497
2356
2936
254
339
729
573
271
4761
442
182
491
223
412
237
2450
7356038
1816962
28106
115
1816962
11621689
-1
186384
1710
771491
23020
502
-1
-1
8411162
-1
-1
-1
-1
-1
426
236
27078
11587508
-1
2648120
7893015
-1
11587508
-1
52300
2648120
-1
-1
81
522
-1
-1
-1
405
49
-1
-1
6244696
63323978
-1
99540
50
32
5654
1627062729
342486016
1627062729
11704698
9635
14492650
2061186
1627062729
301689656
342486016
2734837
49575287
326614
100
3476
30593
1887
537
4476
867484
446
612
683927
195
27630281
36483
65
31727
205
404
-1
15874
707
348
-1
431718
1070
107186824
260
67
459897
106932
43193
187348
327
331
252
2666
64
-1
102
44
-1
13091
95
1419
320
723
1358
6259
29608
370
51
197
42
503
370
370
17
370
4201
70
370
21
45
41941
6724528
6964
119196972
217
136308156
8388
92
966
-1
4281
91
-1
4281
286
620
90
332
2647
4281
-1
-1
-1
108
2244
857
3055
601
56133
5550
8089
1620
-1
1225
2063
249
72581
5067027
731147
14685314
-1
19
255
45
374
45
1295
45
45
1258
45
45
122
1031851
45
45
38
45
84251
43
262
280
280
280
280
280
280
54636
4447
280
280
280
280
280
-1
-1
-1
173
-1
30
1407511
3107648
1064
49331741
9537672
21609597
137
1049
93
1049
733
213
1744
16
83
1812
1049
1049
733
3623
97
916
362
59
-1
-1
-1
248
3553
-1
1334
8318
1059
108
13260048
91
636
65
229596
563
31789
1697
-1
-1
204
677
-1
95365
15837
4422015
24692
92
-1
1952
-1
1332
-1
-1
24
21158396
1969
184
829
829
141
6825
1357
183
1172
829
378
7
1855
216
899
720
720450
877
1433
31
31
-1
-1
-1
128
509
31
1592
1885279
1447309
267
822052
1229641632
547
1229641632
338
356520
356520
178125153
16
1592
3305401
-1
-1
11
-1
2370
500
4
6
37
1321337
401774
169021
53002
10897
20389334
830
2939
-1
132
132
1239
2167
7458
157
1606
175478
61127429
1184
746122
-1
151
15321
44994
28050
184632
58688
10704583
5941
670
5150
64
462
-1
-1
-1
-1
-1
381
-1
-1
-1
-1
-1
-1
-1
16898
369233
1726856
65328578
27913786
59683
8665540
42311
31560610
6639595
253271
3577001
104200
58083
1577725
25565395
99611549
-1
-1
-1
-1
47
-1
4250703
-1
-1
5568154
-1
49
-1
2267
151
40
-1
2530
-1
5041
-1
-1
67198251
-1
26432
746
26432
26432
7042301
10653301
7042301
-1
-1
3372
-1
-1
-1
-1
462
-1
-1
35
-1
-1
-1
15401000
498
10864
664
215880
-1
18
32
11
206
14
-1
44
2794
20
8
416
41
36
1
126
174
94
89
103
-1
4117989
1475759485
21548
-1
133
-1
13
-1
914141
27834164
11689277
10583330
-1
-1
52
30
617
79237187
2529
-1
-1
57
1082
72
1907
211
2433
51
14357158
70416
50
356
2674
-1
-1
505
3
-1
-1
-1
549
193
-1
204
219
201
-1
-1
202
68
48
-1
24522
1332016
70570567
-1
1193174
5008
1223
3003122
43527141
10909034
445162
94424701
1118306
145
1067
132863556
569
11
-1
437705
11024572
-1
-1
377
-1
376738
-1
3989
-1
-1
-1
-1
1882346
-1
474
1430
1413
1311
1012
1117
1255
738
382
10755
1579
697
1830
960
8
773
2429
8
625998
44
320
295
627
138
33
894
-1
110
132
-1
1151307
1020414
35980
50892
12853
408
5438
332
9025
48
6552
-1
1077
69
6552
-1
19
-1
1561
2201338
7735131
13
5375060
268
366
1551
268
-1
2396
192
11386
156
341
19166640
5669616
189239
21
105
66232332
18858932
268
34
331
313
332
379
7
48685
103986
32319
8094
20684
22040
35945
19595
86707
10268
19395
14023
78485
27690
5611
144
476
379
228
379
37
37439802
-1
8906
4201
34
92
31
86
86
24
429
36
680
86
173
46
506
26103
321411
18328
878
129
380
32444
93
120
22
23
-1
81
82
432
99
-1
165
-1
-1
109
228
45631
918
564
-1
76938947
76938947
-1
8990
918
170
217
8
367
4
76475
2144
5416
10907
551
5536
19135
6631
1311
5
1304
4
0
305
22
545
5
104
457
5190
464
222
136
1976
296739
19788
5281
129007
8584
19172
384928
10447
900467
132289
1184
8826
183980
432610
53
2771
4423
2067
3697901
11458
3330
10395
5
325
2475
627
2941
3705
45433
59
682
223
496
2606
322
320
20
1203
305
22385886
71
138933
31335
457
457
457
164
164
164
164
537
537
1467
560
560
7437
208
7437
187
537
208
7310
35187
7348
30986
11768
37830
275
1125
385
100
2641734893
188
98
146
50
241
9
7024
1457
366
24971
298
81846
-1
133
11503
1959
858849
101
2773908
107229518
-1
1623914
18053416
-1
-1
-1
132
209984
595
-1
-1
6330
4054052
484
870
137
521
14535
-1
-1
-1
-1
-1
-1
506
73242
1009
8610
1370
2085
855
15266
5149
1228
4191
17728
1793
19365
5262
1055
371328390
518
582495
67501
80857
8513
12660
6551
6268
98943
5399
9039
24886
-1
-1
36242097
-1
3383226
18717062
6381768
-1
48490375
27914520
574
76
6119
64
45
438
438
707
76
144233
-1
4
-1
702
-1
-1
-1
-1
-1
-1
-1
18269
10033
3131
-1
10033
-1
-1
2380
17320954
32
2998
53
399
2492
436
599
2027
2124
52976
842
41870673
308137
11658
1089
754
2706
3531
615
1484
462
754
964
958
844
-1
9386
9386
45
295
567967
65638
773
10538
147
23
2010
256
287
182
7737
73737
643
4795
7447
-1
-1
2212
-1
1127
223
84
111
435
108
67
139
5702
159
429
139
602522
382
189
991525
18141
65
-1
-1
755
149
-1
-1
-1
-1
323
22
4275
378
2513
24
-1
28509
65
60
8066
400
-1
-1
134
364
191
321
-1
798
1545
795
16945
1289
16945
2971
717
19881
1172
26125
1730
187
4094
5622
792
281
93607
6218
343
-1
1432
1011
-1
27702
156
22259874
-1
-1
87
81
2376836
4578
654
132350
2582
461
173
1200
67
38
31953
-1
610871
16674480
-1
45966
856
-1
17714
20
50
-1
202625
839
15020354
1630286
1247
581
176
15020354
3515
948
91
684
729
80244
948
3515
3515
176
581
1247
839
202625
0
-1
564
202625
839
4668155
564
-1
-1
1340
54682539
1340
183937
1211359
1211359
1340
1254
663
1211359
-1
-1
1865988
398
864088878
4878
99057691
132
-1
-1
57
23862
-1
397
-1
830
902
10989407
2754
28225
99
-1
2511
80
-1
96
-1
-1
5533
121353
2031585
-1
-1
3223468
243
41382
-1
438933
1912
37805
68
1353
-1
-1
1219
202
649
649
82837
-1
-1
-1
-1
-1
-1
-1
70416
9682182
-1
7176228
248776
19400754
9025913
832
1956786
1820687
34595
48
954
349
238
896
82
364
63
77670925
27384
-1
588627013
-1
398221133
285240
285240
285240
1080
105330
64961
1500183
268
207
-1
22
-1
7332737
14231588
-1
14231588
-1
-1
-1
-1
-1
2410529
-1
554641610
11813040
98886
694
422
5632
122
1817
1634
866
11627
1406
10365734
47738018
37
15
342486680
905441
4889129
2580639
-1
18613284
832
285
96
-1
-1
5430
-1
17288
86254
3098
17
1503
8797
5368
2760
4558
3903
116077
124228
618
3103
406
226
-1
-1
3935
718
18551
90
-1
-1
216
649
5612
1423
-1
649
-1
-1
-1
-1
-1
-1
-1
8255719
13738821
48609
5712638
683733
308925
5924308
1534867
5712638
178450
11344
5
175
9
5
23
10
11
10
15
41
9
30
23
-1
9469
2896
7043
7990
396
710
10
618214
88891
93650
146794
112635
1286
1286
106
319
3031
315
315
106
194
44132
38391083
76724099
29760256
2173851
486
101427598
-1
629
23123222
50
24
-1
7422862
1762
84
157000
37209
586
39
14904
112964
29678942
-1
1475536
867832
99
51
69
-1
-1
-1
3
-1
-1
17034676
23555
41
24527
1248
2972
6979490
693
12659
7637
4991
2364
1599
409
3568
1059
1059
828
2076
18802
6274
54
629
176
103
113
456
19676
256
648
492
223
280
865
2702
1683
45965
558
503
-1
3375
57558105
61818422
61818422
8639313
11694
27748
45448
21
8769
-1
-1
-1
-1
10363
-1
-1
-1
-1
-1
-1
-1
32021
-1
1682
-1
-1
-1
885483
826
-1
328
33
45
41390454
230
442
1719
26238706
9358
442
679
2277116
2277116
318951286
-1
25755702
7682
4666
22
3
22
12
12
3
3
3
9
-1
219
-1
-1
-1
84
-1
608
-1
104423451
121
-1
-1
-1
33492
-1
-1
-1
-1
-1
141
-1
62017393
139
385
-1
264
6543
9157
705
4640
19405
1869
294
1085
388
3489
2334
2800
2313
1467
1159
753
878712
160
43
652
14527950
3467
1243910
135
347016
-1
9027295
53916
316345785
78
34253159
1672
162
34253159
-1
210
1183
-1
119
71
114
-1
58
-1
-1
407
-1
56
62
-1
701
-1
1473
-1
-1
1473
-1
109
-1
-1
2719
217
273
635
56263
68189
3550
1868622
50577
10479
163898
150
521908
65146
1299887
460805
317
1127
287
230
254
-1
41658
-1
3980312
233
-1
71
12
176213
1687796
718519
1464816
-1
-1
4499
8
275
399
-1
789
-1
562
170
11179304
382
614
117
423795
278
-1
-1
-1
249
1131
1535
710
-1
-1
2580
590
126
-1
-1
-1
