-1
-1
-1
-1
-1
61131
1468
-1
56156
3203
4009
1726
1495
7670
92
2961
2144
17
-1
-1
-1
100
450
1041
1041
267
10
31
5270
21
375
3193991
-1
236735565
23
2073699
5118
154
40652
191496
877
183
819
149211
185725
140231
217
217
217
49934244
169916
2818
27
17246615
612
45914
1722
-1
180555
-1
-1
-1
26
-1
76
211
1037
1752
2399441
71
1037
817
143
2147
722
26
119
-1
1427
836
692
4768331
82770
433
1427
648
101
238
69
1653
289
1055
52
148
339
211
78
2078
16395
162469
260
260
260
260
260
260
260
260
367
3287
437
367
367
367
367
367
1765
367
76
882855
7538
198
166
186
45104847
9720
137
126
85
15643497
214
17182
536954
152
5592
1837764
13483233
5592
1208378
33
2427
1837764
94
-1
6
-1
3253
-1
-1
-1
173
-1
-1
-1
196
4279
-1
45
136
-1
-1
-1
6890
80228
107003
15590
3946
5159
-1
98773
379
556
1245
137564
161098
21860
3689
66217266
17391768
409
152
6476084
229850
294649566
124341
620
11145
5820
180
1688
83
515490
6
-1
9
1589
11630
50027
9121
110
19602
99999496
403
33262878
44215
839
1133
681
666
975
1558
-1
-1
-1
104
-1
-1
382
298
-1
-1
1335
259516
115
5901450
81
152
-1
649068
17
200728
152
7479
396
413
438
172
603
252
145981
1485
21654729
86114
4122
6906
338
62
927
378
237
-1
-1
314
213
106
8420
-1
-1
-1
-1
-1
-1
-1
-1
-1
-1
-1
-1
-1
136
-1
-1
-1
333
372
203
2538
4882
307
43
47211
11589
5168
57
88
159
-1
2602
18709
11560
862
347
1216575
3930
3930
522
443
99
1949
968
313
3376
2432
19448013
279
8249
10900
1655
1655
263483
673
59999
2206
188
1538
6312
92947
78
25
6207263
278356
41496130
186
8143
1510
110
181
371
54489
250
2600430
1385263
-1
59322477
-1
-1
-1
-1
-1
-1
641
641
641
641
641
641
641
641
27934
6996
242
-1
107
-1
180
658
30
104
-1
-1
-1
-1
75
-1
95
-1
1039
994893
103
36
-1
-1
-1
236111
562481
110907100
5872
3919837
191225
480
3211254
1737692
34503307
21645733
493121615
6913133
-1
1385076
438904
15156095
26496466
11853
13056471
91531825
1289
662
1136
292
181
566
201
-1
-1
1159
531
1159
39
1952
-1
506207
3356
3614
1095
6991
4139
361
170
36
73
24
482
242
5244
920
96
524
576
11500
401
371
1043
5292
44412
81353
8712
24818
270109
2577
33666
264
934
7164
586
166
1470
166
450
6783
2210
5008
1686
2093
162
374
7
1022
87
73365388
57423
6515
1761
21526
40769
673
-1
-1
1011
-1
228
-1
-1
18
-1
185
76786257
751392285
288
41
315920
614578
3315
274
290726842
50
604246151
267
267
2346341
1659
4595
571
8398181
2346341
2841
2841
1069
2841
2841
2841
2841
2841
184356530
2841
2841
2841
2841
301936
1753
44918
234858
773
21
8
32
3
18
348
5
12
23
132
212
263
8721
22843
72005
779
8603
253
158313
7441
1418
775
9798
613
425
490
13
12
19
16
7
12
7
6
397
160
5
89
262
693
1791
31
65
10
3296
162
169
1633
189941
39
304013
114412
3493
127
599547
-1
109
-1
-1
-1
11066
11
-1
8490
-1
-1
-1
-1
139
-1
-1
1843544
-1
-1
-1
-1
20
34
4
10
3
3
3
6
6966
38268502
48
-1
311
-1
-1
129
330
189
19
-1
-1
-1
-1
-1
3424
-1
1686490
-1
-1
-1
40067
56286
265
492
6013897
2870512
476
-1
-1
723554
29
10
297
133
711
4161
473
641
497
61
74
446
527
776
334
249
187
13931
726
14
4232
-1
440
56853
1065
35641
2077678
4351
1425
-1
-1
2591
8153
2917
2363
11379
1555
2157
1989
1435
1195
219
3350
112644122
313363
-1
17
35991688
151384
-1
9119425
-1
184
-1
119
-1
21743
-1
-1
2642887827
-1
64583055
166129
-1
469760
39
34134777
-1
59
56689
2683
63971531
2161545
550375
247270
-1
66535
398
1858
2088
9709
226
10369
530
149
253
501
2010
834
515
233
350
98
3364
-1
-1
-1
293
315
-1
1283
-1
6169
-1
-1
534
-1
315
3456
7966
657
1746
170164
75
82
450118
19637
-1
351736
83
40
16
2295
14197
2388
65
266
46583
1020439
225689
87723
97620
203083
308976
21660
156
466
476
441
277
183
593
161
4073
63
5
4
26
1965
11
4
8
5
22
476
380
4406165
145
476
487
5980
67262175
75
310
39888
2320
1526
226
126
473
315
2325
661
1
6
1
3
-1
-1
-1
-1
-1
-1
512
-1
1482
40
35497317
75339
-1
12
5811
347824
406894
4453
407561
444964
2412
81725
1329058
-1
278
1288
895
9
112211
602307
3404
26580
427867
361
5631131
82135
45630
111618
78
25
25
6545324
-1
258
42
71129
121
5245
525
8222962
51
9741
121379663
104
66530
1897
49
225
101
205
68
321
61155
1936
2957
89
-1
784132
-1
105
2582605
166584034
916
74
246
8751027
77
-1
671548
91440
-1
18
63
3998698
14397299
584
606
23526743
364
58
23
92
-1
247
48
-1
11879
216
542713
22879269
1594
477
103686101
319873
3101685
6597363
240
8161
452
20
89
5051
2187
2187
2691
42869
126
-1
2574
-1
12140
64105
4600
64105
232467
29596
13366
350540
683
4743
77223
9136
61486
-1
125429
824
824
824
13210
13210
2994
692
1051
1099
93047
-1
815
1999636013
152133
33
-1
1062
26120
12748
330
482
413
2008
41
22727
442344
59
51506
-1
-1
52
1043
1043
-1
1979
14
10
27
1
1342513
612
-1
-1
460404
19928
118742
1418
33
111
218
12439
1520
1418
34
12439
305
73
12439
-1
402
402
402
306
366823
27707
123281
396891
396891
214282
366823
35698658
366823
57585
102
54721
185
165802
857
19679
887335
55128
1856105
77
25
880
29
4083477
19844323
2679
208
-1
-1
523
83
384
27206
5
142808
-1
2824504
36107
43227273
3316870
21706664
50345
131745
4260082
8476850
227953058
9146
1325408
4510129
318
1186887
1548728
1548728
31362838
14996713
60
14996713
166584034
12732458
55
2362
96569555
74
148914
31362838
70
880880
880880
8303
1461
16
15
2
4
6
37
9
10
271
-1
133
27
-1
3837027
2173
1944
109
8492
4860
4384
14084
12839754
202348782
78
777091
315
428701818
15
23
77
13
763835
14595
1624337
-1
41
116
1373
-1
317859
47489
15428
7755
103
132596
4025
-1
13761
1638
13761
212
17747
8253
42352
36493
56062
87742
319270
-1
-1
-1
-1
907318
13
52
43
8797
193
259
877
829
3086
177
8250822
401
829
416
126
53
5022
3402
1411
164875
12153
1443
3966
4945
777
1774932
132
40163
220
15326
3423
51
8135
3519361
18723268
40
1003
5743503
1068
145900
85353355
108
112570390
-1
484
236
30256
2400
940842
855
2893
437696
38717
429757452
16081746
2400
1405
146
76476
49
1293
53
129
-1
-1
239
239
396
289
343
1119
1119
115
1119
1119
13243562
4122
6906
86114
69642
34567002
11666
3030
1329
2980
6878
11666
789
888
3030
1329
2980
1269
1471
-1
540
3870455
8005
3727
15705
23635
681
2450
1756
19672
142
1643
6374
11450304
20049109
177140
3463
12662026
96
5514
2639
618
96
96
96
222
1245
387
797
493
1785
26663
204887
952
450
13
916
390
9701
5390
27
1093
127
1109
29167
111
547
423
1395
444
-1
144
253
43227273
1669028
-1
-1
17046
-1
27052
904
278
2880
16595
5874
381
16533
462
11026
768
-1
6247000
415544
2312733
135
17229811
102
213496
4641
630
3191
11287
7
8408
366
617
21129
28303
36008
143
823
5188
22
73
195
117177
11593
585
-1
346437
-1
5394519
407864948
-1
940
897
-1
-1
806
-1
224
-1
-1
11553
315988
306
251
237
220
300
1213
342
210
205
-1
239
1752
172
208
202
26362
427
2032
1
4
839
2
3
3
56
-1
82134636
3
111618
82135
16091
10126414
3966624
9348233
9
13542002
30414387
-1
992
9
633
181030913
-1
3359
81687
-1
1733
-1
-1
466
1867
723
349
98
434
395
347
252
-1
-1
41109504
171484372
18124209
84904664
101122869
69424
69424
14899620
14899620
40590116
47079457
6242859
6381498
385818
13770
12098428
430
2884
2884
2884
14897
1428
3753
14897
3753
14897
3753
410
4824
20
6116
2509
677
23475
212
5874
90
267
3785
4070
84778170
206
6147388
1664
29
-1
-1
2478
-1
118753
-1
371
221
70521
60841
30051
795
-1
-1
335037
694
3889
302
81
47804518
-1
5764458
885280
3779441
3954344
4701
-1
-1
-1
-1
106409
1755
205
-1
160
-1
538106
-1
36929171
251276
-1
-1
1509809870
-1
147
268
71832
244
-1
-1
1913
4346
-1
18846593
95
152875
-1
121
1972637
-1
303
73615419
66
-1
264
-1
14047969
-1
-1
29
11
57
56
157
4171
4171
2423
4171
4171
4171
4171
4171
4171
4171
217
217
2933
1201
5428858
30329390
191
1202
50
82
31973757
74
-1
145
-1
-1
-1
-1
184
85
82
82
395
99982
60
2126
25648
735
108147
26353879
204
-1
-1
-1
954
14892
32219
14348
32219
40017
4375
10478465
2813
5651606
385
483
3059
17414
101289
329724
254342
-1
3851
315143
-1
4951
231
231
230
-1
132
3
2911977
33259585
1290
250
25
315
116
315
272
800
346
37626
9888
-1
160
1905676
49
255
130
3753793
517865
2078067
4997
471
107
820
19
3139
218
21
156
-1
27141
19389
-1
56
123
364
-1
-1
-1
-1
-1
-1
52
15
-1
129
99673
15254
983239
343
213
456
480
1082
115
7942
166
253831
186996
1823
24619
11910
29993
155
94
270
4684
589
180482881
834957
10127985
9082170
834957
8930027
19137771
53654280
4885
439
1505
226
540
5289
219
260
286
14662202
7648
-1
10164
312
170
5650
2512
12699615
1907483
2194010
124251089
19
126028059
1568
26
27
-1
26
7538
37
19
41
28
311
188
8542
665
8
22
539
399
3538
476
293
86
135
19
-1
82
4854
261
2914
214
278551
3014980
763
906
4009
102
889
75
-1
10638
1346
1346
1346
-1
3289
-1
741
790
27
1947
1107
1907
357
61
83
43
53
250
52
6
6
16
14
46
18
12
4
97
76
13
43
50
44
107
386
19
1511
9
7
56
151
94
108
159
109176
35
1643
302
78
1684
69
30
30
29
10
33
82
29
3298
51
31
117
295
137
48
155
67
972
68
4036
258
65672
31
578
93
1192
48
50
24897
172
186365
5919522
425
140
4282629
714
490
140
19
167
-1
55133
68
145469
347
35334
607
167
80967
298
352
285
497
-1
182825
426
2216
6754
2451
137
8765
868
9191
1129
125
1660
626
3098
11574
11976
335
4331
946
4331
2436
33679
61827
45326
97153
19692
4426909
61
63
-1
289
148489
2542
28
1244
167
167
167
167
56914
13475
14344
154
108
683
4558
50729
265
25
178
570
20863
-1
-1
11507
-1
159
-1
10160
63
-1
-1
-1
-1
775641
12436
775641
263
250
63
-1
415
52
-1
581105
3630187
37674250
3506745
916243
6028190
424304
19912844
381795
161259055
1157
8067302
2338
-1
69659598
43032
1319
-1
-1
-1
102
3600540
4484445
3749
666
467
92
-1
-1
424
149
903
156899
25951
-1
65
736
35
19322
3649406
910
868438
23533
15659
14153138
164
2155
125093
113
389
53
660
-1
190
985
9
-1
81
581
101
985
1337
30
93
133245
1277
33
602
-1
671
1785099
129
100556
86074
1680335
5028
219612
129
88
2132
177
143
345
68
106
71
68
2709
1638
5386
1306
230
124058
308
158
1279
10256
195
17
180
38899
21397
373
251
113
11
129
181864
1563
844
12115
241
590
15
2954
241
269
15
1
844
21945
245
3811
5145
3240
2943
1570
14887
7097
78
6
50905
34
107
23
1642
1199
8499
-1
504
21241
-1
4145635
6762
-1
84533
666
1104
969
504
32
494
63
153
384
70
12531
201
100
6248
6248
5208586
6248
881
11618755
11618755
26
-1
5004
11618755
64
64
357
-1
-1
5004
1185
-1
783
101
5070020
27
571
101
-1
117
117
1834
117
13358408
189087
711
28776985
6408
5353
3429
3034
2455100
3034
532
12531746
1634
15690
24197
51041
6406480
118385
22149
2648
33003
42100
10661
1020197
7444
1477
2479
7444
5389
1178
2407
-1
3149
158
465
804
349
56
13270
169
1230047
115366199
7054874
416044
5959
11350
739
902
243
519
106
462
-1
8745052
224
224
43365695
226059
-1
29
106
581
5912
75
442
176
176
1550066
13628
284
1849
17896
2547
2158818
6023097
132689875
2227808
8769
915318
12845
11055
505790
28978268
28978268
22820
56
577463
8253709
22820
6939693
8631
2271
32902
4318
827761
268975
1500
441393
67918624
10992
249253
37
6206
771
36656399
-1
70060
107
4238881
48410715
2353
840
480
592
548
962
265
1127
1979
160
237176
1273
1273
317
2855
2855
599
2194
1641
56007
-1
1091
-1
688867
5706
828
236
396
601467
-1
788
544
1273
-1
88
90
748
632
311
8
20610
698
2331
88
3122
623
50320
3122
6136
13607
20610
10452
22153
9537
16478
10521
2091
521
4121
62075
88625
158
767
767
20151267
4121
767
212
14336
68
18
2124
2820
15268
1569
66
31
131
7533
60
523
124
180
-1
3178
595
7568
143
267888
713483
507
-1
504
1785099
-1
-1
767
8183
1068
258
1068
41826
-1
-1
5386
185885
173694
78182
-1
3934
673980
5874925
213
-1
-1
273
42
160
462
1898
7244
170
-1
-1
167
-1
-1
4689
5208
427
1104
2843
2726
795
-1
305
100
1376
1787
-1
77
226
34
82
33
33
203
61
1468
292
532
30
752
253
81
157
586
1265
63
126
38295600
-1
736
18647237
-1
52
52
47113
52
14017717
421
664
105
14695
4812773
108
332761
276947
-1
40
14568834
17
3784
434
160
1417
34413561
342
799
13575
127
-1
-1
16
-1
181
21919695
-1
10474
-1
-1
-1
7324
-1
194
-1
219
-1
109
27
-1
-1
-1
-1
122
1603
61
16
3
359
3364
115
934
-1
-1
-1
7
-1
589
1290
40
48650
-1
9331439
12562768
-1
2642890862
3930958
16318873
45
7515
61924620
51321
-1
-1
6379
-1
34411129
297452
11639600
-1
-1
-1
-1
3252697
2135
408
145
-1
94
89
-1
-1
29
29
702
6632
466
296
98
896
26
555
2600469
437314
527
122
2125445
250
371
2320521
773
2892699
797105
677
250128
15938942
136
430291
331
306
-1
-1
-1
6087
311
187737
229
164667
386
103
146
450
2611607
38294
19970437
1696
-1
832
450030793
81
175
569
0
11
91
128
247
89
52
57
35
38
67
194
-1
-1
195
-1
1796212
-1
578
-1
-1
81
-1
-1
428
175
823643
114
219
355
-1
-1
-1
-1
-1
34
95
113
1251
2023
13436
243683
6895
3717
1352
1131
3883
82
2153
2862
135
8282
7359
1299
45
259196
2216
363
26900
179
40333879
167
381
-1
4
257
217
118
29
1913
263
191433
225
338
5474
1026
223
223
397
124
185
115
160
142
115
-1
62
117
186
1026
1707
568
375
3200
75
267
48
869
51
5677
48
1020
1026
6254
2450
14037
84
-1
1659
3297
143
441299
796908
68
1707
15348
658823
-1
597172223
140856472
17
1604645
16047
184064
311
103916800
559987
12767823
19222543
561
482
2266
43403
9713
826
274
30572
27667
131
73
28139
2859
31176
13216467
-1
92601
-1
-1
-1
741
10
8357
36819117
549
338562
223
169
-1
204
44
1015
655786
-1
27184
185027
266
10
534
148
-1
59
2613
4806
152
389
549
1110
190
2228
-1
591343
255719
1277733
153
91
11676247
65
1671
317988219
999
999
324
189
22
23
14
233
35
26
129
2672
1970378
15
60
715
14
729
6
2637
285
23
11
22959
2052
28980
575
1754
1135
17
7420
3896
349626021
-1
55885868
9344546
1795
-1
115
-1
-1
600
1364
420
114
835
134
22
16
27
1278940
1983
1982168
19
16
150
109
29
626
7
354
14578
2708
127
296
1209
1298627
-1
170
-1
-1
-1
4855
2227029
-1
13
94009
6305
1826
217
226336
20898
110
4019
328
1275
3555
441
61029
25
1842
4472
5196
1438
850511
194707
-1
207
207
1831
19646
207
-1
7288
-1
-1
-1
209
12
216
212
824
1510
1403
448501
148107101
14931882
47101
3403
3881074
1286
402
46
-1
10448829
105
-1
2411
2742
210
2677
2742
12092
3952
-1
554260
-1
256
-1
207
-1
4282
-1
-1
-1
-1
-1
-1
1843
1452
26134159
83
644
-1
3267
5632
3531
332
1278
29968591
1035
26466
6226
1318
3253
748
900
282
282
646
13393
7054138
540
-1
6666325
69
6640
48
4
3547
3547
132
8682
16369
14564
12675
13013
1709
161787
-1
-1
-1
-1
-1
-1
-1
78
75
47
82
110
43
82
87
249
63
-1
2119578
335
-1
1414240
1677254
-1
-1
1414240
-1
2964580
-1
125
15792
1414240
305593
-1
1505137
141943
1414240
-1
9700178
3428677
2885549
10592166
0
3
3
1
118
44
118
44
-1
44
12
-1
40
-1
-1
-1
104298
-1
598
-1
-1
11198
929
929
-1
929
133
24
4178
56
56
2661
133
133
133
133
133
133
133
5898
133
239
239
27754
133
330
330
588
47
412
412
2661
599
599
599
337
627
337
337
427
427
239
239
627
12974
61
61
61
-1
-1
27754
-1
1568
145
336618
-1
864
968
5
5
33
336618
330
336618
598
118
-1
-1
336618
67
1371
1371
1371
1371
-1
118
11198
11198
11198
11198
11198
11198
11198
11198
11198
11198
11198
11198
11198
11198
56
480
289
480
480
480
1568
480
480
25
480
480
480
200
480
480
480
480
480
480
480
2090
480
480
480
480
-1
-1
913
31
15
31
-1
81
784
-1
197
178
118
12974
938
527
-1
938
31
12974
997
997
997
21
309
17
784
1426
1426
145
1426
31
2090
309
2090
289
289
173
36
24
24
118
68
126
380
2028
2028
2028
2028
2028
2028
938
2028
938
2028
430
2028
113
113
8688
26
61
26
309
12974
81
81
126
126
126
-1
-1
-1
-1
-1
104298
31
31
26
913
913
104
913
289
25
36
41
913
938
856
938
913
913
913
913
41
142
200
913
913
41
913
90
39473
104
309
12974
200
61
42
89
1371
913
90
-1
-1
4178
4178
42
25
12974
99
-1
-1
78
78
-1
30
913
42
42
78
309
50
99
113
-1
1284
1111
5755
490
235512
1999677116
4210
135317
1
1050502
646
4316498
1239
5755
4274
371
80
75
358167
358167
2150
63294220
27899
42912995
10340
36
117634
4238667
2474100
15
32
118809398
66
-1
40269170
78
3
-1
-1
78
99
-1
-1
-1
-1
-1
2270
6465
6465
6465
6465
6465
6465
6465
6465
6465
6465
6465
113
6465
6465
244
2270
2270
2270
2270
2270
2270
296
2270
78
2270
2270
2270
2270
2270
2270
2270
2270
2270
197
197
197
197
197
1
11640
142
569
783
4812773
278
4076
1584
-1
142
-1
-1
5198
127
43
-1
-1
10650
783
-1
5084578
4076
-1
61
358
1552
-1
-1
559
1221
4
96
229
2176
1765
105
41
30
-1
-1
212
-1
1765
92
8426
3957
18
78
714
51
24
215
581
6
1088
1221
-1
-1
-1
148
-1
1047
45
-1
-1
-1
1774
-1
21
-1
7603
572917
-1
-1
2581
119
1442
44
32
138
2471
2471
2144970
129
224970
4
48023
5147816
31186
228
11515633
11515633
1768
137598
323
1768
7642
1169
2820
2820
709
709
337
89
1080
988
168
260
136
319
996
-1
166943
-1
6471
3649
27710
25753
2704755
-1
134588
45378
8229957
439755119
428
439755119
380
124279
-1
1231142
-1
3387
68
463
16
7
8
5
1101
6
4
485
5
22
9
6
4
4
5
8
18346461
6
68
528
57
194
111
60
4331446
111
143025
35
1352
63
-1
299469
1167
490
-1
-1
-1
-1
-1
-1
-1
6988301
-1
2376
241
241
411939
11574
1005
8765
1721
3072
1801
626
9191
1660
3098
1464
868
125
-1
447
1054
-1
-1
480
364
1054
1054
1054
-1
51014
-1
51014
-1
-1
-1
1054
1054
71
21801043
18452858
99
4755
23021740
10049
16810
133
64742
64
-1
-1
-1
-1
-1
-1
113
-1
-1
-1
29031
302
1979
69
4548
353
14326
20582575
2092
1092
15141702
37
79
27354824
509513
2111517
9933435
251
-1
-1
-1
158
81
-1
-1
-1
-1
-1
-1
-1
-1
-1
-1
6520
-1
-1
475
-1
71
266
45
66
203
1059162
60379
341
664
55445
90
16321
1070
156
4607837
531094078
747
61
2407038
34
302
662
1281
3101685
6597363
60
144
79324
26841
4518954
3682080
52900
228
561487
39370360
2327
6423371
36009
7708364
1269
146904
3087098
39370360
3412760
1826
-1
58
21
5402
3905846
866
817333
1250729
3156
3156
98
4998
2403
8760
1130
2909
432
2278
3674
2708
18045
3481
52
2708
465
783810
638
584118
6
61834
-1
23
-1
-1
-1
-1
3279463
-1
72
-1
136158
113
114
50
871
4401
-1
5595
16
84
30
104
632
-1
244104
39250
65670
35384
42679
81760
48552
-1
164
794
3911
96
412
-1
1176
6850
1845
804
53
3625
91
66
74
1375
79
76
120
69
-1
734
25
-1
278
25
33
24
1455
551
76
6302
74
80
93
160
63
70
150
54
131
1954
257
156
1021
1428
1438718
1070
23
16321
90
743
9218728
112
537
7428309
656
3201239
54
320
7
748371599
326770746
7
8818
276
13
13
-1
64
13
29
-1
9
45
17
737
1399
670
301
256
256
256
256
433
256
256
106882
259
204
-1
22124
161
188
221
-1
-1
4572
-1
439
674
624
-1
1779
6278
638
92
4093
-1
614
756
236
1293
-1
1163
1712
-1
-1
2496
147
2279170
-1
-1
-1
-1
-1
-1
-1
-1
44158
12084
2126
-1
1295927
-1
166
308
1499
-1
-1
-1
552
6307
-1
141
319
469
322
322
12441
12441
1242
41974
1270
4792
598
424
143
321
-1
8617
479
236
140
110
43
947
487
28
-1
249
3314
1882
1083
14
249
82871
72
115
182
-1
249
627
1471
272
23127
5529
87
63
25
137
62
183
-1
46
-1
680
87
-1
381
385467
916296
21434
196
-1
691426
385467
77
-1
-1
-1
-1
77
302
21434
-1
330
-1
385467
385467
242409
-1
56874
-1
-1
64
-1
-1
360058
201849
-1
6165
70356
309
-1
766330
4114198
2751
19649649
33
18383726
6466453
1723
4432904
83
44148
234
35
-1
118
17737
5662
8009731
6
13361
436
2899651
2844
10076399
13361
1723
-1
37
-1
167
-1
437696
-1
-1
25
227
323
-1
22442
-1
202
436
205
-1
21156
716
62
1406048120
553
21706664
317554
-1
3835
-1
137
106
316678
955
2756998
42
1727
-1
204
-1
44148
437696
-1
171
5606586
5606586
172
256088853
481470
192759
26236
5670
14984
106776900
52
1503
47597
1671
9826
143
92026570
57951677
173247400
5646
185240
8776
5110
35835
2683
1001490
62
-1
24
20935863
8455500
178
225
844
168
852
1228076
127909
347
99
729
-1
228
381
129
-1
-1
-1
226
85
729
-1
445
-1
-1
3
3
1
3
9082
4
1
3
3
3
1
2
3
1843
4142
5385
19688
-1
2044
48922
48922
16370
3481
945877
47590
7
33
463
1334
5934127
634
-1
222
-1
51
-1
208
415
87552
6462
360
-1
2503
557
-1
-1
-1
-1
-1
-1
-1
-1
12
-1
-1
-1
-1
-1
-1
281
39863
2592
1884
55
376
8610
169
-1
27
106
11
28
680
-1
-1
-1
9773
-1
-1
-1
7045
-1
-1
-1
-1
-1
-1
-1
-1
-1
-1
-1
-1
-1
-1
-1
-1
711
-1
7045
7045
-1
30
64493
612042
3714
8654
5333230
-1
-1
-1
-1
452
1870
3
-1
-1
-1
504
7247
83
257
102
2793
87344
64599
57544
2013
647
361
1050
8931
348
1237164
348
44
2721136
6646492
4422884
1761
73
1324550
4422884
3437
15806563
2086
3220
819
-1
5212862
-1
110388
29314382
-1
24
-1
-1
169
29314382
-1
-1
777
-1
-1
29
11959221
7983759
3249
673
-1
-1
857
10
32169
23
92
47
315
3540116
64
73
75
182
128
44643597
39
52
67
115600
133
-1
1466
441
720
2483387
1466
149
782
441
149
68
75
75
363
4
914048
31
48410
2007671
37
1752
1146
1146
209389
1146
1146
299
11577570
351
22944
351
254
156
168
351
98843
10683
1824944
54056664
362
2760646
56904
531920
17349
23
875
45
744
3084671
114
86
2000
606
68088
53
-1
59057
559
52452
1085
93946
48186
62345
937
0
60663837
41698
779
1044
-1
-1
315
3568
-1
-1
17706
17706
-1
-1
-1
-1
323
-1
14861
-1
-1
570
-1
-1
-1
87
131
-1
-1
-1
-1
-1
-1
-1
-1
-1
-1
-1
-1
-1
2328243
472
613450
3320
20852
332
342
10927
1972
878
3361
495
6029
1035
3370
1566
45
62
1314
6
-1
2934
4424361
6201
-1
146
1150
-1
-1
-1
-1
-1
-1
162068381
162068381
162068381
162068381
162068381
162068381
162068381
162068381
162068381
162068381
57670948
32
286540
11857451
113351822
15067045
11563896
105985
4459981
-1
-1
-1
-1
-1
-1
-1
-1
6690
1415
672
911
185
3687
3254
400
14783
365
365
365
365
365
365
86
86
86
12089
12089
-1
-1
-1
-1
-1
-1
-1
-1
-1
-1
271
5524
2343
905
399
120
25
2770
125
302
2000
45
36717
983
-1
1376
90
157853
3014980
329951
118
14462
86
8972
291128
694482
5198
2348268
347
3341861
1144703
1262197
16680422
28625
9125188
46197
105377329
3385
14821
683235
3447896
16680422
1813451
699075
15
278
276894
184366
80252
24386
40716
28
274098
2218432
591498
2333607
105
123
38
45
42
95
116
446812
10401256
80
108
570
12417
12417
20
627
231782
1094
957
1833
7681
7158
3697
1051
1338
-1
71
71
71
71
71
71
71
71
71
28
28
28
28
28
28
28
28
23944
105
-1
-1
23944
23944
-1
87
87
87
87
87
87
87
87
87
30346
13124167
7578
2411194
73735116
2676686
80338749
544
1594
5251
1594
5315
9856
5315
2339
5315
5315
4385
1594
66
-1
20054
38268807
9443035
22882
981
694873
1209849
13
1375686
64683928
-1
-1
98
3002
297964
499
-1
3659
795
-1
132
-1
963832
23280807
-1
-1
-1
41471
473
473
473
473
3842
4672138
244502454
354518010
72
129
129
129
129
-1
-1
-1
2578
2578
2578
2578
2578
-1
21645907
36024
1629252
21154189
2458
40
1018569
-1
120
1429284
29780364
50763
9489
9489
9489
9489
982
425
1051
1644
1644
1644
1644
1644
1644
1644
1644
1644
1644
1644
1644
1644
9310
9310
9310
9310
9310
9310
9310
803
803
803
803
803
803
803
803
803
23833
48929
589258
345855
389
261111
57
1020
-1
20057618
4164495
-1
-1
-1
-1
-1
106
106
106
106
106
106
106
106
106
106
50593
733
-1
-1
-1
5403
5403
5403
5403
6496
1773163
12170
141943
-1
224
-1
-1
-1
161
7807
-1
-1
15195012
168
168
-1
888
-1
448
8
-1
-1
551
433
70
-1
23
8
6
6
1
2
17
0
5
1
-1
-1
4217
-1
-1
-1
-1
-1
-1
-1
-1
-1
-1
770
1404
-1
-1
-1
94
-1
3551
48
12582
214
2144
-1
5558
2346
-1
6888
359
711
3732
1464
86
58908
9879
58908
65
569
68
535
171570
343
282735
66
912887
26
679
1591
30590
1004
312
2443
2118
2218
676791
8280
1004
157
169
169
81196
53
215
162306
13
53
1072
268526
149
162306
22
390
-1
199302
44
33
902
45
-1
-1
5004
357
11618755
-1
65861317
-1
4340470
-1
6372
13
5086
-1
19
25
-1
31
270
22142
2507441
1058
1133
11666
13133
759
1752
75
139
15
98644
4788
904221
5950
46729
34
-1
139014
2086
3316
49824134
3147724
9598
-1
64002030
3497505
121390
141
11146
11146
11146
11146
11146
11146
2
4
1948160
16921698
1214621
3312642
4563
235
437
2767
90
641
58
6837
7542
65663
204
4404
36
3893
786
23048
225
36
2797
314
911
4861
16419
65663
4563
-1
2379
11146
11146
0
2
4
2
0
3
4
4
1
0
2
0
141987
64002030
2002331
1882976
170775
3147724
63615092
859723
5
2
3
0
1
1
3
4
9
3280
4406
7998
411
1702
1129
4173
10265
1722
1575
226
1611
4615
3199
545
17057881
3312642
0
295
403
116
9
471
7
184
4
103
618
891
142
201
65
2088
31
9
-1
113
-1
1409
-1
-1
-1
-1
24055
133
1961
6
295687
2254
4375
15
575545
241
-1
-1
-1
-1
-1
2256327
536
-1
604
620
688867
1703
2614
-1
1712
