-1
-1
983
149
330975
11
36337442
1005
266343
481556
54
-1
97
795
-1
-1
-1
-1
6776
25731
278
48577
-1
-1
3564
1419
9856
1197
183
5317
569
2865
4332
-1
-1
31329947
55694387
123
166
771
100066257
799348527
61861324
53891
17798119
189
11243287
771
151
69
20325
8818392
13068
771
123
9649582
771
7671
10320380
771
14443288
-1
7986
340589
-1
11141582
8818392
2053504985
100066257
414
61861324
123
-1
1223
2214697
1348
256
13
51
306
2391
5
41
21
491
972
-1
188
53
562
20
78
72881
16748
11024
84830
4068195
117
15814
-1
300
863
130
294
203845596
863
824
1509323
295078
12856
1450631
4088149
463175
2509821
166
-1
1607
529
5027
3312
1051
463042
387083
112584
5153
-1
1152
345
-1
-1
414
7428
5579
5921
71235
626
20139
1943
321
31618
4887
842
164
609714
3093
45761
436309
1921583
96
48
53
4734444
4961588
133
12387500
24
37512
47
-1
-1
-1
3704
-1
-1
-1
20019
20019
11
4623
641103
529
1703
14176
10367114
67
917
465
877
71
190
1014
5040
340
1390
10717
1411
-1
1215
242
1084
-1
6493
2051
1234
127
1281
851
210
1174
1529
134
-1
-1
1298
-1
764
171
-1
693
-1
-1
147
353
-1
-1
-1
764
-1
-1
-1
12755
885
499
456
4654
147
680121
18883
116
9549
5344
-1
46612
109
4950
159
2600
195
895
1481
1247
15052
10734
46977
-1
1481
131085
51
-1
666
-1
36277
-1
4078
19633
-1
1251
2322
1388
185659
1260
15
-1
-1
-1
-1
-1
36
-1
15
23
734
19
9
11
61
24327
1760
27293
337
82
8246
2015
1033
1725
29511
10
-1
21340
5028
9100
7827
4269
1119
1276
10781
308
154
103
97
40
42
62
14
93
29
55
88
11351751
2435
3879
4352
4352
4217
365
1704
1420
1806
1030
7991
6823
27515
71
33562
230
40
5227
230
7167006
5152
705
3186843
77
-1
34
107
382
49
115
5100
260
1629
65
232
41
6961
20793
189
49
84
114
194
717
1504
94
81
97
88
65
37
195
68
434
220
156
118
55
256
2850
222077
8458
354
18827
204
421
679
496925
104
354
827
647
305
6601
173
123
404
146
143
61
62
6928
6928
387
383036
2902
6247
876095
-1
-1
-1
191
-1
-1
-1
96
-1
6504
33727
930
881
-1
1755738
913049
-1
-1
-1
78191
-1
-1
395
8749
-1
-1
14578
284
10459706
436231
535853
-1
65006001
168939
17885849
77
337
-1
-1
-1
253
-1
72
-1
-1
-1
-1
-1
-1
-1
253
-1
-1
932
569
451
484
1493
523
422
443
430
500
401
700
69
123
10198131
69
10198131
122
312
5208933
4
19798354
9467424
142
1204
304
30418
1691479
170
-1
-1
-1
80
-1
-1
-1
274451574
109865
36622686
18
8
8
101
126
152
-1
28
61097
0
15
432
26
-1
-1
169
-1
-1
5688
-1
1727
-1
120
4076
1017
268
278
156
-1
54
143
102812863
58
326
2200310
1754775
1771222
67
73
753
12
1877
4029
1055
-1
570507
2306
4029
947
99
1609
699
1780
-1
42
163
11752
1267003
226
65
69
1021100
67697
155
225420
3411679
12051881
32576
11316
128073
490078
22279
14266
2384
156
156
1141
1265
23353
198
436
-1
66
176
120
262
201
867
267
-1
63
138
-1
552
3325
232
52
3817142
295
4
-1
207
247
1245
125
409873154
29
395
-1
1122
99
-1
-1
-1
10
-1
43
2145
472
4269
392
673
18
7682
597
109
16
724
2181
17863
177
3011
216
177
674
325
2834
1134
-1
-1
-1
-1
4920
181
719
10560
561
17421
1986
1346
8652
281
822
132587
59053
11735236
25929
453605
8837
1372
745
6175
2611
25938
479129
3124
1652
10947
975
3652
2912
33222
280
4112630
664864
1110
182
450
2739
433315
304
1958
671
3484
41500
11620
2122
52839
30320680
112689
426
6564
5661
85410
6188
172
1430
326
236
1897
63866903
3081
85
44
38
8
56
3655
5430
4698
12526
1802
53012
88043094
619
100
2246
-1
4114
64725
9832
316028
18670290
100
4042
10366
2069
735
35321
131
197866
11761
378293
1174
65364
2769
2769
52
31193
4730
514
243
262
400
294
243
5325
243
354
843
228
228
78
343
17
592
198
6795
993
264
3741
205
264
4
2988
2702
2786
13758
-1
2786
1899
313
146
5537985
1670
2504
66
157386
-1
178
196
5734
440
-1
234
-1
7
-1
197
12
-1
37
1
5
254
-1
17472545
30381
382
-1
-1
-1
-1
-1
-1
-1
-1
-1
-1
-1
-1
-1
-1
-1
-1
55976
18270
14465
3731
3791
5383
18033
1936306
-1
2540
-1
1615
35194
203687
937
-1
139
-1
327
-1
-1
-1
-1
-1
-1
95
-1
2707
1873
-1
29
15
223
92
39
19
132
20270
-1
12800
37354
87327
16101
7857
2184
20909
478
52849
1379
348
79523209
6449
21200933
371
90139
5
6608961
6130193
2412
376760
6130193
2027992
6130193
6130193
6130193
6130193
6130193
21
1668
76
1668
202
1668
409
1668
4442
1668
1668
1668
206269
54138652
24
-1
-1
-1
-1
-1
536
10691257
2722
4968
35
144
70
10191
1876
105008
768
163
11250
37707
1418688
174868
1113673
23995
341079
16782
32086
31249
323
82
-1
-1
153200166
-1
-1
254641
34659638
261
16570545
3875112
-1
-1
-1
22
-1
85198
120842
120842
120842
706
25861
990
990
990
990
990
37
-1
321
16168
74
1110
343
51
20
186
16
1102
1291
1527
128
592
2627
2153
4229
1110
1757
114
21
1355
871
12217
1334
2827
4578
2531
-1
1780
18
22654
757
972
11
347
1199
1409
139372
914
45
886150
77
368
24
1214
14
28
-1
14895
2893
75943
452147
452147
108
104488
249667
-1
-1
734
-1
74
-1
-1
-1
-1
11121581
9144
118
429
4070
1171
-1
-1
20
73983
1484
925
979
1007
15806
516
341
628
539
555
13750
1845
445
1718
1758
584
1154
583
150
1023
7091907
-1
136
-1
5394
-1
4577960
5553
13257166
4675008
18428804
-1
-1
-1
-1
-1
-1
-1
-1
14
-1
-1
-1
386881
71938
-1
596
-1
2406687
45997
356929702
356929702
356929702
356929702
12384226
37048020
12384226
96219
-1
-1
94
-1
-1
-1
13949
-1
-1
-1
-1
-1
-1
913049
-1
37048020
2406687
6599653
133777
-1
-1
105027
361936
-1
-1
116672
356929702
356929702
-1
-1
2786295
-1
-1
-1
-1
-1
27924
-1
163
15103
121968
287991
4089093
1249141
287991
12253380
287991
41214018
41214018
41214018
5571
41214018
41214018
11280985
290
290
287991
5781315
290
290
11280985
287991
290
2408676
290
290
290
41214018
11280985
290
287991
290
219
2408676
2408676
11280985
290
41214018
12253380
41214018
41214018
41214018
41214018
863
20
32656
40
76
-1
-1
-1
-1
-1
334
-1
1
0
1
6
1
0
226
132
0
0
3
4
76
1
3
9
3151
48
-1
129
626
294
13575
162
615
43
24945
2932
968
231
1915
678
119
11873820
-1
839
136
553
6003
-1
-1
117
33
6104362
6104362
130
136
-1
325
4164845
30284083
437
501
176229
1623
29151
924825
83
-1
-1
-1
-1
-1
-1
-1
-1
-1
1598391
35
1791317
-1
2110
16271966
192
390
455
99
254
498
761
-1
-1
175
21183282
38711367
813137913
130
1318
186
80
36
175513
43
3194
1473
-1
6990
-1
6990
-1
6990
9189685
5055188
37
805
-1
1073
1630
4217
544
2808
857
-1
95
47
15
197
2487
1427
5860
1424
475
648
5860
155
1562
4203
918
908
-1
17555312
22585208
240
6341
1223821907
167
214
1989
999
21
-1
1491
1720
537
446
2024
9077609
2304
-1
446
3569
5310
446
499
574
574
574
-1
412
1011
1011
1936
1200698
1936
349
1173
1173
1173
1173
1173
87
196374
-1
-1
-1
63
389
893
144
7245
2116
151
198
32
457
1921
517
212
1148
1985
264
-1
15437
-1
-1
4748
-1
46
76301
393343927
11108
612304
62877
113
25385
1307
879354
41840
76301
286
168168
5699570
-1
-1
2709018
15250879
-1
1039
1366
-1
-1
-1
1395
648724
1015924
16
-1
13486094
42938
15250879
-1
3749916
-1
-1
-1
-1
-1
5860150
-1
-1
-1
9426
-1
-1
1395
10380
5429
12278
612
6093
469
4452017
4696861
22096
4527385
42938
1062
2942
658
381
68
574
-1
-1
48
71
48
13719
-1
5059
8475
-1
-1
202831
1937
83
73
579
182
196
632
99
39
188
7130
8642
568
3389303
1169472
21581112
5095728
19014596
1079275
20830912
1993203
8632788
14154
47
10
187
604
1224
246
-1
8
7783546
924
25
3753
3046
576
34965
120
101703
8466649
-1
4
683
3484
7929
7929
2246
143
142
2843
659
280851
33024
95
360
44129
83
82
2802
14863
392
-1
8
4774
-1
728
1007
2753
134297
5058
1384
3232756
9130373
3232756
4971
1904
896
1637
622
483960
424
37
22990422
102989957
171
84342
11712151
2557
4
0
7
0
1
2
4
0
1
3
0
1
3
1
3
4
0
0
2
1
35
0
0
17
1
4
4
2
6
-1
0
0
1
3
7
1
3
1
28
224
-1
119
-1
804
230
11
1673
-1
88
144203018
861
202
658
468
34
18
749
1491
200
715
-1
232
-1
-1
-1
-1
-1
118467
-1
-1
-1
-1
24
-1
-1
-1
-1
-1
-1
-1
-1
6903157
148126132
7905
4
112
-1
76
67219
2699
223093
6866827
702023
2229967
1042627
10865
1586
71385
223093
126902931
66
946
432317
1555
-1
946
-1
187182
1881738
946
247
30582
-1
61698
4534
-1
2146
-1
99
-1
300
4759
12395
402
315266
1229
2558
60933
288175
52
-1
-1
2146
35
-1
5443
-1
61698
-1
1703712
-1
176
-1
-1
61165
295
-1
39513
-1
3227564
43061513
283961505
4
15732586
42581697
15732586
2
15732586
15
18901
18901
25
7595591
7307
29930
-1
52798
517665
257806
972174
337
15298498
4007815
1055830
855190
1473807
3962451
186
425
1280566
105
316414
7318479
33
855190
1146842
20
2265465
4115326
82934
620
250
-1
349
-1
183
-1
416
9
1
645
9051638
608
151
-1
287985
305
7
128
348
394
7464220
604
93
54200
185
189
145
185
827
167
1252
152
104
108
48
22
-1
2039
9345427
342868
299654
290
294614208
4094
294614208
4874647
11643314
436
15772
157
1546
1851
178083
1642
291
374
16637211
10539438
69
1772
6
4951024
879
167
868
868
14284
-1
480
105
-1
8
441
-1
-1
-1
1622587
-1
-1
852
290
-1
1581
-1
357
363343
334
-1
220
8
-1
349
209
143
-1
-1
410
836
2239
-1
365
8361
-1
73
24
3753
880
90
43
262
242
79
263
404
147
119
-1
75
7969
38
107
266
-1
-1
470
141
40
44
69858
109
283
121
-1
-1
12024706
10350350
10
272
246
263
123
1097
684
77
1398
299
282
74
-1
158
-1
127
4331993
274
173
-1
1823
9305
1438
126
1796
-1
3847026
4286661
-1
-1
265499
1985
316424
41468
-1
292
5215780
-1
4938
1917
3999
1687257
90
-1
-1
-1
-1
-1
-1
-1
-1
1290
151
12257
56539
651027
4240
163
122
4240
-1
122
310
245
109
211
108
251
3875112
1008716
1510
61450103
-1
319
266181
160
-1
-1
-1
-1
-1
829
-1
-1
228
53
19
17
265
37
78
-1
-1
-1
41
103
330
330
332
783
6918227
20648
20
1096
2894886
116
871
5
1
3
2
5004
42
148
1408059
-1
514
452
340
5461405
50
276
458
99075
292
-1
1122977
44256
3139897
7422
182
39
70
266
41
180
82
108
113
180
-1
-1
-1
1585591
112557129
7632248
-1
6971522
6971522
1230
1230
1230
80
-1
390
10664
1713
287
1120
1654
2674
2797
181
-1
172
369
-1
24854896
807
21656
125637
85376
125637
81
-1
-1
24
41074
3625
19
67
131
3446427
117616
57266
9534403
98446966
-1
341
860
4228270
10
-1
-1
2145
37
-1
-1
-1
10
9080120
2257985
342563
292
2505
-1
93432
777282
85558688
218076602
177380471
18837951
202
130
1447401
257
20359
191192
259
846
93
37719468
204153
94
202
123
8060
1154
792
64
331
629
55
461665
331
331
118
3886
-1
-1
90
-1
-1
2468
-1
-1
-1
4995
23350
6470
33882
-1
-1
111
2003
433
-1
2349
-1
2924
89
-1
62
274
42
-1
13618
1689
21912
-1
-1
-1
-1
250
-1
21048
54
152
73
53
73
54
73
54
61087
70
73
54
73
-1
1
1
3
3
6296230
20
0
4
1
21840
62504
2544
323774
1235583
-1
52
2994
287
371
243
528
423
2081
328
48
45
3134
8410
1332872
1283
926
1465
319
753
534
98
449
2916
2305
1429
81032
136
34
-1
99
1894
-1
-1
4556
379235
433
209375
-1
12958
8
51
-1
-1
-1
124781
10521112
173789
-1
-1
-1
209375
112172
4277
105
4833
213532199
59919655
189855638
168952
260224417
3204
-1
101932298
3000772
1459655
3568490
200948
557
213532199
1518040
25454
-1
242342
100417209
-1
6478200
101
2491436
1068774
163
213864
518891
995925
178796
16657785
117743
70
-1
1642650
572785
815401
-1
381172
218078
453568
-1
97787
98704
1068774
1639
3673
61
-1
199
54711
260279
253
94649
226263
172575909
8108
1430525
2743
4423
38095
974683
126955
3076931
388305
938365
1765
54711
295166
193884184
139045397
-1
285
3260
-1
-1
2144
309
-1
150157
-1
110
300
2274
2274
2274
2274
2274
2274
2274
2274
2274
2274
2274
1747
2274
18717715
192
217933
1492511
34945954
748131
7191137
1948130
4176248
6455
61725
-1
15054418
42699
36773474
1850316
5406
-1
47109062
40
93
-1
-1
-1
27245
64330
1292
254928
19
14113
-1
-1
41
350367559
11960
139418
102225
156145
-1
4092319
27537267
21540653
27537267
38311649
920
1194
553433
9945898
-1
3260066
34413914
-1
-1
-1
-1
-1
-1
-1
-1
-1
-1
-1
-1
-1
-1
-1
-1
-1
-1
-1
-1
-1
-1
-1
4361
-1
-1
-1
-1
2649
-1
13461
1620
77005847
702272
17249517
223165
4067
999
26875848
19597199
239
6115447
19597199
166045
4401846
-1
1396050
47461
11902138
15717
26604
777740
32158
295733
34427452
590202
327407
20
388305
837
5532
248554
2502815
-1
2888798
1898
-1
1223
259847
259847
1164
169167
98
-1
4922857
3462737
10
13196961
13
120115
524
63
30078395
70353
68
2507020
2507020
-1
191885374
200
7894
202
-1
-1
614500
-1
127
-1
127
9848
127
-1
127
-1
160
107160
419
874673
8972
1414168
54
833
203
77
2004
72
833
74408
406264
4565314
1110685
50
1602145
7307
855190
17776661
8935244
17593
855190
24482916
1764840
-1
1512140
11888221
4088675
36652
24539963
855190
-1
3793
4007815
-1
17067
361366
855190
5439
15730
1910
17472186
517665
23
720761
5081025
972174
1409354
-1
969
2326
2326
11
-1
635
-1
1230
142
189109
21
33
324944
-1
-1
7
-1
338
222
-1
211
821
821
-1
-1
-1
-1
35179
16331
859
-1
390
22
22
390
18
2550
69
156
130
315
267
218
212
67
20454220
100719
3656085
16644057
35761
338
6
4
9
51
7
41
13
12
9
7
7
15
3
406
406
406
613
406
13
406
406
406
406
19622
19622
486
-1
-1
130
8
510
3006
920
98
2270
1084
533
713
7442612
1574143
331
27601555
25390
-1
6517250
1108
317
1113
425
75553
268
20453
4194
34619
34349784
316794122
-1
1609
-1
880
-1
103
437
88979
8429
25651
0
422141
586
428185
27
27
5
44721
519
2348273
6232809
397
3
97
-1
170
519
2398
3
2
9
969
6851
1483
-1
274
168
3249
78
349
349
349
85
1175
57
41
34
326
188
1698
25
44
554
3796861
1057
-1
188419848
20
38533660
230
20
79
-1
-1
86
1550
2114332
33202
872708
3273630792
1204432
6823
6676773
6823
8469340
3610152
8447195
495392
6823
22840830
17818
3273630792
379081309
17818
129
192
557
7
786
1643
50
23
24
16141
-1
144
10
48
82
310997626
184
160
89
293991259
127
624
-1
467
60
-1
421376
919
60
261
919
919
-1
396
396
81705
422261
12
-1
8450887
1
165
52
13
167
482
225
470187
52748
45067
29497
1876
35
1832
2834
11389
29497
8641362
-1
2829
-1
139
1535
2829
646
16
26
-1
506
31583
630
4584014
86494
1168
-1
257
3035
1051103
89986
1881462
-1
268
-1
-1
2981263
616
-1
-1
132
113
418
-1
14665
49
-1
-1
-1
-1
-1
-1
235
-1
5182340
353030
345242
804735
70
484
129
-1
173
13297
11082
8585
6107
1359
1795
6902
11344634
8473153
18188970
28424156
1678392
1175
274
-1
3268
-1
-1
-1
2594982
-1
-1
874
-1
-1
-1
2594982
-1
-1
108
3107
72
46
375
26076
23601
-1
438
616
3092
32
165
370
121
101
101
51
52
550
21
1343
72
20
36
327
23
34
14
179
178
30
80
85
215
56
268
722
11566
19177181
250
55
613
56
22
-1
4505
617
6775
13966
32699
682
25603
682
13538
1983
570
676
682
12390
41
3803
116
143
130
114
104
114
173
4542
538
671
79
249362
-1
-1
-1
249362
11673072
5617051
-1
12736
-1
-1
182511
224
12170
107958
224
12961
6488
267
9155
182511
158
27943697
52
1560024
49
272
-1
1729
344
799
6194628
6224795
7757982
1637
49391245
154219346
294
114
17097222
1235
17507244
3389950
4213597
18505803
11593017
1811
63
53640729
141
210101685
42
2586686
1372599
18505803
9448539
1257057
3
73140554
230900
542611
419
135707224
56378114
-1
-1
-1
303874
1099147
5
4
0
12
2
558
2283
74
492
1037
6607
196
6376
2944
81
78651
2757
223
2366
-1
35
21348
2206
242
28
903
1712
11
4429
46290031
43448846
329
3870049
842678
1413065
7674
346
64
292
-1
-1
-1
657351
21
16
4
10
16
24
21
8
28
82
37
4
7
2
20
6
5
10
13
117
30
4762
21608
87740
1667
139
7
88
901
1302
-1
-1
381
17
2817220
290324
244295
516
1615
236478
827
2379
-1
175
23
48512
75651102
26062411
22191
21
45
810
18539
5450
-1
58559
16814
5529
1122621
8
57
211
-1
12488094
16572169
285
38
3601
682733
5823
908
144
3000
537
10075532
633
1016
3000
12488094
33249182
1433
424
12
1027
201
-1
-1
-1
-1
-1
-1
42
11816
31328
2
3
-1
-1
1777
1
1
-1
2027
2027
9287
1162
511
403
5207184
-1
123208246
-1
621
1812
8063873
612
177
1812
-1
10819
13818408
386
-1
22598
-1
1827
101
-1
300
1509476
501
1541
6222
284
130
129471970
1998691014
1321640
185835
442
1372
-1
-1
170513
2460809
-1
45282
131640
-1
1082
81347
54655860
233
-1
-1
9
121
10
121
-1
-1
-1
-1
-1
-1
176054468
698
-1
9
-1
-1
-1
-1
121
-1
11
11
-1
-1
771
-1
35
-1
-1
-1
-1
-1
-1
-1
-1
2326
1283
3150
-1
7859
1244
-1
-1
1966
1966
1966
9904
1966
5589
490700
1205972
2254214
3443
305
216
62718763
62430979
461
137
2383
578
19833
165
140
-1
396
128
1511784
179
193558
13208
39798
554
59
484
691831
867445
8485
169
10170
3546
5601
2512
2512
2925
756
1665
6839
812
161
23288
1843
2770583
212
3079
13131
7826765
8103
87
276
113
779
29980080
55557
81
386
103
477
30
816
241
832
-1
224
-1
2237148
-1
10330535
224
-1
161881
-1
1764604
28804293
6377
-1
-1
2519
-1
-1
1306
-1
-1
1144
124
1239767277
-1
2035141
-1
456566
27536
1297646690
507
275
-1
365476
22468755
14028215
253
1565
-1
104
1614
47935283
51
1992
15
488
-1
30296428
38
136
273
165
9296041
5
1763843
1114
181884021
8035
1223
192
90
207
-1
-1
14
78
299
117
2729
18383
592
91
943
16
35
8639
70397
266
3061
517
55519443
244
48
60
2652
64280
2589
52
56
114
66
234
186
118
210
517
116
246
322
273
628
437
139
385
453
75
111
6
3
-1
-1
522581
17
16
4
4
9
-1
-1
-1
184852002
8844889
1486
-1
-1
-1
236
-1
-1
-1
10
-1
-1
-1
121
155
3578
92733
-1
-1
211
1608
356
-1
-1
-1
83
3111
-1
61
-1
5112608
-1
31155672
57584
1698
-1
3542
-1
-1
17204382
4359395
622
18777598
8007
141
-1
-1
-1
60659743
94794624
-1
-1
345960
9
15
342811978
32971
26195
-1
-1
31
1264666
130913
2872026
53851
-1
-1
900723
9804
-1
5816
391
4195
15486
3236
9983
-1
-1
-1
203
136
1136
25919939
67
-1
151
42707
100417459
43969
8518
24
12
2
1
8
7
338357
25348
1921579
2887668
60
141
-1
57625
141
1658237
3628
54
227698
389724
110988
38491363
49114
1276
3211
845
835
37128097
2941176
5088325
754
925
-1
1265618
2293734
33
23593889
34433
2
3899
617
286
8551
131
4751
599
27
408
6929
5603
1298
-1
11
32693
-1
1736
1736
95720
467
2375001
4841
2825417
425
28736322
176
16242403
6058
19614
15681
1105
51
-1
-1
2907
502
-1
-1
43
-1
-1
1912
1912
260
-1
106
220711
-1
52
384962
140
242409
-1
460706
106
781
-1
256597
106
-1
19
246
29
-1
96
-1
3313192
4195445
4195445
4195445
4195445
-1
4195445
-1
-1
353347
40858
464
-1
753
7057
-1
-1
935
494
275
256
200
188
431
977
1
3
0
4
3
2
13801
388
10947
63995
2842
166676
38269
1353599
206
206
85
13578
422
-1
442
52124
22728
-1
-1
60149
1527735
161452
42917
104652
47687
139241
668
12065
71787
286
69694
6
569
19307
8364
56
48
75
31
23
17
-1
-1
-1
-1
-1
-1
-1
812
29249
630
-1
2373997
-1
-1
-1
-1
-1
13739609
-1
13739609
284
49
2304
-1
2304
-1
-1
-1
-1
130
-1
-1
-1
-1
952
-1
6978
300
89030
1745
8678
3435
3554
1486
244
2207
856449
1616841
45213
969
13607
35892
7360647
9918
198
167
1651
-1
20358043
-1
-1
30
30
12599
9571775
1544477
16597
30
24305422
62420902
2192488
70429804
62420902
45012978
62420902
7344
11821043
790
27
658
-1
-1
644289
3273544
4358593
60
1687784
-1
-1
-1
2709
2709
2709
29205
22
97
82592
-1
1945
-1
25
16
3718
719
1531
1602044
-1
-1
22
178
55877199
17070118
7951
24744
13253
17536
398
8795
1546
5515
691
6020
82442
13082
83
-1
-1
-1
-1
-1
1356
182475
2856
1072
2866
1298284
-1
-1
43
-1
11064270
8596859
42
497478
25115957
818826
1598581
4227497
69
2749512
197927
5877846
215438
18769
15146
159
131
151
3027
4718
74516
235
18408383
-1
30498
141
-1
8708053
22032
-1
6
1900
15
457
2
953
2118
36
2243
2080
33905
61999
1937
1937
1
-1
1043
-1
1043
1043
1043
1043
1043
1112
41850
892
-1
3838
-1
-1
-1
53
-1
-1
32397949
10613
-1
-1
-1
2296
3542
15930433
1425
-1
19
370
-1
-1
-1
9
-1
8565
-1
38128259
-1
39
-1
26
-1
-1
10117
1343916
-1
587
14
46
1721
14683425
54
14080
167
115
-1
96669
8050
337
7152
-1
-1
-1
22
17965888
157
-1
13336611
3806450319
90
2
3806450319
2124956
114319
53878
1860
1429
3403
90
2106848
44130
-1
547
-1
-1
1661
1043
2987
1336
250
525
1153
968
115159581
412599965
114
5
10
413
42
11
8
5
10
137
94
19
0
264
217
35085361
351
35085361
402
35085361
448
622
967
383
-1
-1
35085361
5224496
8844303
402
511
5124
967
622
383
17
185
8233
1143
5642
37
292
3870
153
6093
143
5668
606
-1
348
568541
1686
20
2560
12529
4335
497
473
1532
641
72
72
72
72
72
235430353
106877971
526521
396544042
-1
1162
161
73
522
285
285
285
285
285
285
285
285
285
285
1275
839
775
2498
703
285
771
2376
334
822
30
15
374
374
374
1144
374
1930
18
654
374
539
80
943
-1
74
86822
1247
58165235
11846
17057057
45490370
590
1282
4440
3614
337
8
90226
21
301
165
21208
38407799
2991
2515
142251
4011
-1
-1
-1
-1
-1
-1
-1
-1
-1
-1
57268
-1
6826
123
223093
1151721
51
120
181
352
51
219
1131
318
-1
-1
-1
-1
273
10160006
36362437
3642951
43665866
-1
66
1681
251137
-1
5613
-1
17202848
617
-1
-1
1095
291
209
1599
2220
111307283
10954296
45125
265
259
1243
139
321
14
-1
919
20
188
16
5208
34
133
21
565
14
30
1452
1236
73
79
559
-1
22
6
11224682
9696
1231
6439682
288
136
884
2255
11638080
32356
3798
47
-1
28
38066
1
58
101303
288910
78
49
6
365845413
74
1506
2639
133
556
33
3188
136
158
33
33
94
738
4084
494
1731
337
217
45
391
217
216
1450
59
76
1428
203
10
20
96
19
421
27
43
64
30129548
1751000
14288848
654
560
213382
15531013
-1
-1
76446335
222
222
1062
222
1062
504
402
14240979
82
37
1062
-1
-1
463
-1
-1
103
503
503
-1
-1
5
-1
310
31092
76
583
4761
2636501
56
-1
-1
-1
-1
1072
56265
-1
-1
1226653
261
140866
10343868
127
66
1773
147067
62
32116
2726
2703
2696
2658
2793
2601
2768
8851
1662
6604
3037
15061
15061
3520
2808
10678
71845
13064
2965
985
-1
394
-1
120
90
383
3084
722
2094
2906
189
4268
515
173
94
665
-1
6184
464
957
-1
57597
342214
342214
95
75145
-1
97
8678
316
674
89030
1966
88
4239
65401040
5613250
94379
4383699
2935348
191
2245797
547
-1
2734
558
45620
1862
384
2237
2467
6769
721
1232
2304
20850122
1785
7509
-1
84175
3708
50318
2103
10448
4563
2167
3198
609
1284
857
2503
1192127
2309
1510
122
237
999
14936
25
14554
-1
9806
1
71056
-1
123
3335
26597
651
62291
697
6601002
-1
-1
1306
1947
781
2822
974
18099975
5284
3425
7127
3695
7237
4292
3627
727
3825
1814
1828
20486
467
13134
2930
729
93
422
299
125
-1
100
630
-1
36
444
120
51
3806455142
706440
3840095
251115
27
-1
654
-1
2143
3508079
2354
-1
201550
2
120
-1
11
122818
-1
6199466
5830366
31
-1
3347
2891202
3021062
-1
-1
5651
12010
-1
308
1
0
3
2
1
1
0
0
1
1
0
15649
0
1
0
0
2
3
5
1
2
0
2
0
2
3
4
1
0
0
0
5
0
1
2
31
119
2767
16
26
701
22
2767
8
369
4
25375758
25375758
25375758
25375758
25375758
3416
3416
3416
3416
20180
206
435
34660480
504
88708
4378
5390
3489
492
6865
747
660
121
660
436
20
23
849
1833
596
75812
547
308
-1
232
24
2193
4965
367
38
2193
111081
-1
563
20274
2193
89920
81976
8910
25
-1
407
89
540
149
107
234
36
100
262
40
104
377
223
119
128
90
-1
589
6683
-1
44
179
5789
286
8
-1
-1
-1
-1
-1
-1
7
17
918
3567
15
4
-1
15727
1955
2612
1133
428
1027
-1
6488
6268
490
-1
1058
587928
89932
295
82
69
22666
-1
-1
-1
2898
-1
408
-1
10537
-1
-1
-1
-1
-1
-1
-1
-1
-1
2593
42
5260
158
48
3
69973433
59106
15251110
567729
12
38460
510
160580
1304
1304
523
1304
523
197
-1
-1
2015
-1
-1
-1
-1
-1
-1
-1
-1
78
454
-1
0
0
27
24
0
668
-1
429
14665
272
114
1371
-1
368
196
864
429
21
3
4
41200
1
169
52
241
0
119
1028
-1
-1
97400
19672
417083
-1
168895
-1
-1
458
42054
68
669
10200
235147
1977
3056
-1
14
-1
51
51
330
-1
-1
21
14
-1
4
-1
-1
11017
4022127
-1
5893954
-1
164668
-1
-1
168061
323831
-1
2033
59
3364
38985
8815
21893
730
3135
10685
14304
284
-1
136
-1
25214
25
663
1349
517
14
67821284
441484013
27
-1
-1
-1
-1
504
642
106
-1
265
226
10890
-1
357
8303
316
2140
2073146
41789028
-1
103614
1535389
609
90011403
1328
98
297
19570123
163
-1
163
98
-1
130
-1
77
98
23113
710
4039502
28041
289
345
2651
-1
145
348
60
92
355
70
1011
4149
-1
-1
4307
-1
6852
-1
-1
648
-1
1827
-1
35022397
41360283
-1
-1
6248
41360283
6248
523
15398
1345
1710
23432285
45009052
455
9974972
523
274
343
6528
324
873
47
7961
1338
82
1800
6495
5234
35934
34142
77699
28934
2892
2706
2323
32079
5292
433
79479
916175
33528842
1439969
469
19827
258
1920
9268
101
82263
54294
133099
100
101
341
22429847
15393749
-1
311
257
257
18271
736
-1
633
8
1253162
1253162
1253162
-1
40
49
50
43
5543
87595
159996
92485
1160998
1755236
2871760
91257
170756
-1
18670224
-1
-1
31985
6770
11772
116467
1046
40152
552
793012
-1
33
60122
19
-1
-1
2528
757
25
8470
4533
1990
2528
2175
5216
4055
2841
3646
1931
1972
1129
4
166
193
361
361
1901
11803
1799
2854
5323
1943
750
935
1034
1268
2262
1168
1800
8655
977
967
577
1628
824
143
813
2070
680
2529
335
1041
421
265
31
490
8408
251
-1
-1
2321
1302
-1
