6375999
71
192
-1
790
159
-1
125
133
46
278
691
8395
-1
-1
1537
114680
1465
101
10359
2694
81
777844
3775905
143
573406
1707
322634
256
1158
15
11778
241
1818
42527777
640708
5801265
11
23369471
23369471
1937
2879232
2879232
7093841
2632
3256
419067
1096
26
-1
16329
-1
-1
-1
256
-1
-1
6964326
547
-1
23825193
-1
-1
2983003
-1
-1
67526
385844
-1
-1
-1
144269179
-1
-1
32
269
246
215
1813
256
-1
225
281
223
-1
3370
13486858
13486858
13486858
13486858
49072
247
12586
1092
28
89
-1
5009
192
3447210
65
13906
301254
4343595
18
18
54122971
73145137
327817791
18
-1
-1
-1
-1
-1
-1
-1
-1
-1
-1
-1
-1
-1
-1
-1
-1
-1
-1
-1
160
123
102
137
53
98
66
516
244
131
47726
91
1321
310
2979
-1
2979
2979
-1
-1
2979
2979
176517
176517
89
117
305
564
28
87
4690
144
1517208
423
23
7588016
161
151726
2842558
-1
1698
35926724
2531684
37687865
174
82017
3822072
769168
49256368
18639420
-1
25696266
163058
-1
9151294
3114403
118324884
10980404
1948236
1566575
88
18
44
135
2505
231
107
172
44
8054
-1
49466124
451718
29289977
-1
189932
1354
5358069
498
6181
317
1020
360182
4280250
222
1225
473
1710
141847
-1
-1
140998
17186
27083
2
553
41607
5630
127
114
3849
657862
5648
43316
1222
2697
7327
88418
1421
88418
118210
7882
1421
90305
1896
4768
10722
601
5033852
6140
684
5035264
8010635
8010635
1562
23276701
200
-1
248
185
-1
550
-1
106
171
-1
-1
3479
-1
20
397089
6026
117
98
66
206
177
2779
89
2779
383
253
263
607017
41
55
543391052
-1
49
790
405
-1
589
2158
156
260
831
148
210
39
-1
-1
212
-1
212
-1
185
-1
212
-1
-1
125
-1
-1
3806488461
8214
289
255
150
306009
918
1687257
-1
-1
-1
28210
509
91816
54
74466
279
3735723
57239
38
-1
100002
321176
2125
3
-1
3066423
-1
-1
-1
-1
-1
-1
-1
-1
12
207195
10698
492102
16517
457256
1607499
8908274
4112630
1894
803026
-1
7800
9251
8
918
475
8029
99
49072
29728
2
114
119
-1
-1
-1
1435
-1
-1
-1
-1
-1
-1
-1
-1
-1
-1
-1
-1
-1
-1
-1
-1
-1
-1
11
70290
48
91
5597
45
126
84
49
56
6269
5019
4452
20
-1
425
-1
-1
-1
-1
-1
-1
225
9201880
-1
124857
9201880
2693
11839
9116312
-1
113808
467343
1
67
5395
537
6784222
-1
25514
13387306
1019
4677
2580073
3239
24128
9791
16034
13709231
776
119
270
270
86
3305
21271
21271
360913
161
98
5199
1921
21271
166
3835
21271
835
60
390
577
5026
1936
1936
-1
1936
-1
335
77507
39
-1
9
9235
968735347
619
1210
-1
536
298
456
5327
553
4183433
12888
1637
616
620
232
763
152
435792
61
272
272
272
272
272
204
497450
497450
497450
20218971
409
2442
1850
1084388
17073
336008479
109
621
2108337
9337110
163925
300
-1
-1
344
25
1858758
1833
16607574
552130499
26857050
609721344
2553
32
7351
-1
722782
846
182
165
822
47
-1
3558399
157278
5207184
8256950
22
602030
15
922
108
-1
720
222
17204
-1
223266
37141534
98
14130
10879
-1
-1
53
-1
-1
-1
201
2912
172
841
390
150310439
1091
1629
424
-1
198
1367
80
69
43927175
8470808
1539510
736692
2195339
90
46660
135
62
82
47
676858
9074581
575305
249
380253
384091
968735547
15741856
332
126
921
2752368
78727696
175
681
81
227
227
83
985
83
83
83
56
83
504
275
3221594
954618
21
96
1559
246
42790642
24538
-1
-1
300
31299
636
34758715
80832
64798
1747
838
753
882
2692
3113
1207
67
1564
870
187538
18747
18739303
471
802
1290
898
18747
637487099
5806
31224
6248
80541
1882
3824118
807030
-1
255
33408
807030
15834
1752
1776505
-1
33408
287
232
630
21298
5153937
1712
249
1857
-1
1068
148
117
526
319
744
288
82
9470
285
49
6202
288
137
392
130
61169581
11
614
34841432
221
2125946
1385134
2125946
29017
2
12645
2187882
129
6705
1060
1051
4089
389545
-1
2697
2546
599
2546
1435
5688893
1026
1504
12732
724
3433
34038
4457
479
595468
112073
-1
186
2090
449
614
441
490
194
73
158
211
151
192
26
247
5012
46763
41630
21
7
807
186
83
85
134
698
442
82
172
35
35
2326
232
450
-1
-1
-1
2
8
-1
-1
-1
-1
-1
11
136
-1
711
91
-1
-1
-1
-1
-1
28959
5421
2336
10080
2317
61
1330
343152
374
1097
1142905
277
1097
470
37
68
14499608
1215476458
234899
198
1215476458
1215476458
1315
127
63
113
144
173
51
93
917
47
123
1791847
-1
54118
-1
-1
-1
-1
-1
-1
-1
-1
-1
-1
12
-1
-1
-1
-1
2311
1565
1793
39
386
21
21
1166
1200
1200
9825
43403
95
21012
20
736539
1461183
-1
45026
209607905
-1
224
32
47
1261
943
661036
2809
12
393
69
20
1545
745
3237274
657
205
1314
1185
122
720
818
743
5146
1371
531
160
4685
338
172
409
561
-1
14
-1
32
132
1124
164
75
77
262
101
79
2328
156145
6704
87
95
12892075
5124
2
1346
508
2912
15273
12251
2627
3744
4
217
2718
84
20
16916752
-1
-1
267412
301
-1
6303
-1
493987
-1
249
62
62
62
138
62
51
249
62
101
37
311
130
10
166
357
2220
292
-1
112
486
6248
-1
18
1157
4642009
2776
146
72
3188476
131271955
123
9658399
149
94611
805
-1
71
14
11
47
10
8
23
11
7
9
41
6
24
9
6
11
9
11
19
15
14
12
403608
-1
119
817831
53
20077295
1
0
47
24
25
186
587361
412617954
52
28915527
674
1080
20724
10402
803
524
3346
124796
406
265
179
20724
3247
1111
3247
3247
628
980
-1
3394
11
839
11
2632
1161
8106
166623
5434
8735
1649105
475
7095
2632
5811
32360
2864
1006
6481
65614
8991
167011
1622
15566228
58427
2404155
-1
9745506
-1
100487
2756130
26512902
-1
-1
-1
-1
482
-1
6752
2852
12
36
1808382
-1
256
-1
1346
1346
10591171
234
401
50
10591171
-1
21
526
999598
-1
-1
28762
504
28762
1083
95
69
108888
1979
25963
1283
1189
95
81
5938
43403
99
265
2631
2168
575
69
4267
924
406
642
4412823
346
297
235
56
9894
50
170
83
7079
-1
5320755
2892
-1
102
1189942
95
872835084
64711
-1
-1
102
-1
-1
-1
51
9423964
-1
835
7180
132544
2774
993
678
415010
471
757
745
254
-1
3976
-1
3959
-1
-1
-1
-1
449
121
-1
-1
-1
-1
172
18248
24859
-1
-1
-1
-1
-1
-1
3075
3075
3075
3075
3075
-1
7652
53
5680498
2617
29
358
16208117
216282
5107
966582
481317
106
345
-1
43
149
1684
1493
6200
3715
1991
673
285
285
285
285
285
285
616072
33450
6561
81962250
2821811
3041918
349
923
5864
186
3712
5633
77839673
197
10971
6339
2756130
70
530872
2756130
-1
334
-1
-1
2756130
102
46
2747
29
323
-1
-1
101
212
754
174
3
82
190397
-1
269
-1
126
128471
58241
62485
142038
1605380
292519
1025948
101644
87132
118327824
5087
43446974
295
32536056
-1
-1
456
-1
-1
714611
67306
3826811
21038623
43819997
172
5099
5419
10
-1
670
69
2312
-1
-1
-1
5793
-1
-1
-1
-1
-1
-1
-1
-1
-1
-1
-1
1345
-1
119
5419
1479384695
304520874
26132
8848
10508336
8264
1435
3366
1787882
-1
40501
2214
296915
1046778
59
123
111
283
123
655
553
178
19
221
671
47
75
233
591
416
145
589
58
589
82
258
449
-1
24964905
1250
4
483
33768860
711
293
1555636
292
350
321
725
206
5
148
35905
9
232
1632
242
1757
315
239
735
330
213
520
636
583
340
437
-1
-1
1366
-1
3206
573
2690
-1
95
-1
69413
578
3493
-1
-1
77
2647
26
-1
-1
248341
4716
2721459
383
30109217
158
98
1581
72
1581
260
1412
1412
237
88
2949
14012
178
1304
444308
9268
2251
2434
707
2434
1325
27
13
401
384
5
66
-1
-1
-1
-1
88
-1
-1
2243
3907593
8258586
179
-1
357
67775435
-1
361
82
-1
40549369
484
376
-1
8533
109
21012
806
809
7
573
1131
33
2181
127999
257
291
365
12313
30
-1
56
4494
340
13
103
142
26513003
435
275
-1
38
-1
33459
138421
-1
-1
491
-1
-1
272
344
-1
198
-1
316
39821
37
21
748326770
-1
167
116960
23725
186038
244984
106498
102966
89438
-1
-1
-1
4043
4043
4043
-1
-1
-1
-1
-1
-1
-1
-1
-1
-1
-1
-1
-1
-1
-1
-1
608
12333764
1607862
19930
28556778
918
2883
41751998
62875
52
18
12
-1
-1
-1
-1
-1
-1
-1
8415
-1
-1
-1
-1
-1
612905
-1
-1
179
-1
11338267
-1
91837399
2579
511800
32573
1239
384551
1555636
1794
31947
51600
-1
-1
-1
256
25335861
38
35
155
6996
111
37275
114
477968
7812
477
3686866
13264490
98531
208206
61856311
61856311
304522534
-1
13264490
49671789
-1
-1
-1
-1
-1
20738
20738
20738
20738
20738
20738
288
1003
2171
637
119
528
384
219
582
159
448
1076
1162
-1
-1
130680
15804
2697
2082
277
-1
-1
1176
37847
19424671
236867
401
1215
495
49
3747599
1914
4427919
1319941
-1
-1
-1
-1
-1
-1
-1
-1
-1
498905
-1
-1
-1
-1
-1
-1
99053
153981
2685
1244
94001
40678314
340589
80
899354
18331092
511
123
101293
581
467
14130
998
261
-1
253
1898869
29752634
852
1611
50952
902825
2293874
470437
60369570
10117
4797496
338835
159
186
347
61
93
98
84
191
657862
2546
5150
1516
1183207
802
1038
906867
30444
3520
30444
69202832
5284321
3200476
20061596
67022332
-1
5892
-1
244
2405
84
7974
23
6191
298
2546
4982
335
797
878
708
6470415
444022
4170
928
125
-1
-1
-1
3603813
-1
-1
-1
149
91
-1
-1
18
188
118353
49
118
3082
201
1804
54
-1
115315349
20331
5896
6996
6633710
728
473
416
1163
1443
-1
-1
-1
-1
-1
-1
-1
-1
82
187
54
82
10613
2076068
140
2909370
10625711
104
2690
12501
35448236
-1
20676
174
13270
2609
2806403
729
41
124
59
86
1385
74
746
47
1532
6119
695
675
23
1306
229
229
788
788
6915
320
-1
5376
692
52686
54818
24180
6206
39738
2340441
3728
291
10251
12331
2872
16683
34188
474225
13443
5764
487
6893143
18824
106355
-1
-1
-1
223
65836514
1146
1417
228
600
78
50
388
31
63
36
18
51
434
-1
139
51
3687
1387
35059
1343916
2806403
160905
490
902
29922
2625
1921
206
98
-1
4021
4021
1187
12672178
882
9925612
1011
297067674
1333065
179
572
53095
404
190
1039
54
2841
2841
93
80
1277430
2841
69
120
45
539691
72216
40400090
295380
1355
77839673
2712
5712144
3732
6625
3885844
1536
211652404
309
12619
85792072
24306123
24306123
98328145
5712144
6103344
76765403
157
594
33330
27224738
27224738
27224738
37783
98328145
3243107
24537
79
-1
-1
-1
-1
-1
-1
768
-1
-1
-1
-1
-1
-1
79
-1
-1
-1
858
-1
-1
-1
-1
-1
355858
46
-1
193
795
16
644811
590
217
51
108
7672
7672
1667
21211
734274
63923
8396679
7672
9
270912263
7641951
-1
23398714
984
-1
-1
2323
1633
-1
187
-1
156
1399
587
2323
300
256
3694
419
3490
391
3490
-1
3490
262
3694
3490
-1
3490
-1
3490
342
49
797
896895
2443374
596
-1
-1
-1
-1
-1
-1
-1
-1
3517
302
153
529950
148905
-1
19792
1297785069
-1
156
-1
-1
-1
-1
-1
568
-1
137
50405
96599311
48739
1234458724
661
203603
-1
311742
992
169
-1
29704742
-1
-1
-1
436315
-1
6402254
482
1263
16447
16389
1
2905
138
0
1333
67
18386
11
139
1
183
1108
24
383
24
799
25
680
-1
159
798
-1
56
5491
730606
1570
161
15777720
10157397
11
148
24
17
35
252
26
1478945
462
-1
-1
-1
708
39
49
8957
193533
482
121992
-1
687
73
5
20248
32
5
3300
2374
1147
12313
39706
87798
-1
-1
-1
-1
-1
-1
797
-1
-1
62031
3638
3403
3403
131489
9567107
9567107
9567107
9567107
9567107
9567107
9567107
9567107
9567107
1071
622
4005
616
554
187
1641
20
1947
6060
160
1097109
1449
1254
28410
125447
22344187
2006059
23764926
-1
-1
273
-1
-1
-1
695
-1
70954784
49815
-1
-1
1054
115853
1366
-1
7241
415
2041
118
2676
829
-1
3090
575
3090
11
311
119
-1
-1
432
105382
1012
-1
560
2600
1509
82
11950463
61435219
44738363
62243541
64785005
95892742
14342456
53615819
187
-1
38181
358800
112
-1
1056
-1
1008
5
2
1
1
5
1
1
7232772
3784
15
2209
7674538
8217
192592
790
618
483660
75069
169
-1
-1
96
-1
7835537
-1
1735
1464
1375
1238
105519
2592
2456
4040
2498
1488
1434
6510
8486
2456
3757
36
1839
3316
3477
330
3655
2584
2358
2307
2204
-1
1226
-1
1820
2710
681
7641
774
-1
35909178
4493
5
190327
129
702279
952616
111
41
1367
1231830
59
72084
-1
221
49
1467
262
39
131
38
593981
531962
20
78
60574
330
328
6324
316
267
177
253
190
205
209
8851
489
4520
8352
-1
20953
2769
87810
-1
3140
340589
-1
1228
991
5704
-1
-1
-1
-1
75
117
-1
627
523
246
101
-1
381
3411
319
225
245
130
181
191
-1
-1
-1
186
13
3548
925
758
3548
925
375
517
5317380
1243
288607271
517
110651428
71
4048
693
4048
1506
409429
8541
82
-1
1522
1090
693
107958
-1
-1
1227
-1
164
175919965
232
28930
28930
2858
425
2937
33
415
341
280
2252
57649
5154
26934
1754
570
1754
23997702
91
6
42
554
56
163
659
54
972
554
163
659
99
32
17
15
54
179
28
33
71
2730
1452
9280
39296
-1
41
1623034
589560
-1
246
246
185
771
564
3270
1366
-1
-1
99
358
682
518
-1
136
509
518
-1
104
86
63728
878829
356
3222255
23311
159
99
293
2707
208
478
2209
26875
1089
998
2
11
9874
84
3732
19428
49401602
51
9874
1016
5
49401602
564
1016
-1
159
10890
2151776
237
19
16638
112
1067
3732
226
1016
3732
1798
1785
1325
13547
1854
1836
389
1169
2772
2855
71293
4916
377
30
549
71293
71293
4916
71293
114234
13460763
1802
321
72269587
168080
-1
1525363
3037405
91048
11959
76
2247280
696150
318
339
309476
2216712
1852139
202923
2602
897
241
8257617
20036
-1
-1
-1
-1
3526
68142
22
168
1772870
1689763
342820310
1273
342820310
13682
1502
2342
9851
211
36570
12784
5425
342820310
-1
-1
19198618
19198618
7146700
39777
266024
39777
7963
12602
1734
9511390
9696
6127
4459
291
413822
29943845
13107790
9
3855519
2921873
26595
362909
2921873
51470225
2898
19198618
582647
4551
-1
187
29
3640
2977
54310
2977
175
2977
48635
2977
28025
2977
923
2977
79
5000939
25398
25
1112
1382
265
-1
563
47
-1
4859481
263
-1
-1
-1
10160
15
146721032
-1
164271
4543
345790
5543024
20940
-1
-1
1043
10345
-1
-1
-1
-1
-1
-1
279
-1
-1
-1
-1
-1
-1
-1
-1
-1
-1
-1
-1
-1
-1
279
-1
81
369
24
99929983
116
2523
1927958
-1
135244
23
-1
207
-1
-1
4833209
-1
9548547
-1
273
667
12087
2854
425
10584
1398
299444
77
34580
26418
-1
1075
826
67514
914
383
1055
4204
72261
341
1225
574
467
180
101867
767
56
155
-1
-1
395
395
49
-1
485
218984
-1
1900
395
194
72473
-1
-1
49917
87
152620
5780014
-1
62459546
636
56
1346552
572
722065
735
1443
43
3216634
675038
-1
18065
-1
7184314
646
-1
4379
-1
-1
-1
-1
-1
1681
59
716
-1
2061
4701
412
71
974
1
753
716
1514
-1
22
156
-1
56
2037270
-1
107
-1
-1
650
-1
26483
4149811
122557
2230236
2230236
214
16
39445831
154
-1
2571
299
998
359
48
122557
119835
-1
20193900
-1
61170181
2929950
88042265
10681251
133654796
536
28094836
2929950
157
23
37
20
17
7
64094
1070
112
-1
217
6748718
-1
-1
1633
-1
-1
-1
55976
-1
-1
-1
-1
-1
-1
394
439
798
121
408
377
657
393
434
261
562
1416
28387
416310370
-1
-1
17985980
83046
837
366
15590
429
2246
24
722
417578
463107960
1495
9838593
157
20690
48525607
40
2456430
86021078
3730
2201232
198
14
2
9
3
9
4
-1
223387
-1
1098
39
-1
35
355409
-1
-1
80420
3911939
82
5943054
13292189
1978094
2873428
972
-1
357877
427
-1
19
-1
-1
357877
-1
84
1722
5644
1914
1192
809
37666
11190
333
1522
3448
2251
1033
10722
8294
1449
988
2389
721
42
19283
22852
19107
34315
972
-1
-1
3805
214
774
774
9
450
7198
6190
2797
79
70820
39646
86755773
392
303
2359
-1
1506121
416
59812
25113
471
-1
58704
9718054
6262
10244694
656
295380
-1
-1
-1
-1
-1
-1
-1
-1
-1
-1
-1
16
-1
117699
3805
-1
-1
-1
318
-1
73
-1
168
327
-1
-1
47717
-1
-1
-1
83
-1
-1
-1
181
2994
454
68
371
3274
243
2081
528
1717
47
-1
-1
-1
-1
-1
69
936217
-1
614
1429
30617
3967
1695
1695
8420358
-1
31
284
327
152
-1
31
3331
152
607713
-1
-1
-1
-1
-1
31
-1
-1
-1
50515715
-1
-1
-1
789420
193955
584
1052
146551
1377
31774
148033
3186
1226
15390
661
4705
37285
466
3289388
5919
17017
2415
-1
508490
-1
1546330
8490
4289
4457999
1300093
11762959
419030221
1506121
759467
2135
21925
306
3476
449881252
858
858
858
858
858
858
858
4960
4960
4960
4960
4960
4960
4960
4960
4960
4960
4960
4960
4960
4960
4960
685
128
-1
-1
548
-1
343
518
180
86
43561
364
1007
76
74
201
201
43314
-1
201
91915904
-1
1971
517
1971
560
708
-1
-1
83710
1648
826
10176720
1965
43
355
1726250
1584
12770368
4623474
5498449
-1
506
1567
1034
-1
-1
506
-1
2852161
140
86
104
101
243
277
107
603
625
53740
8
1864
36048990
-1
91551769
4761712
7463513
49761227
24740051
11974146
-1
1510794
38515547
719450
1213
-1
-1
-1
373
-1
-1
-1
-1
182052
0
1
89901383
2718
6068
28
-1
5469256
72
7148227
-1
-1
92717
6
37851
494
2031
14
1200677
281892
113016501
4107
-1
18034426
32765860
-1
-1
-1
4868
115
46
14
12
35
12
4
3
7828058
2435585
13723545
12682211
3004620
4130256
-1
34
16648532
-1
24080
43668284
1634
7811826
7295093
233
2888
10563033
15650
26318
62540
1962709
13496383
1546637
696070
12517253
51066833
1494191
16584
295
77561
-1
62540
-1
7227
859679
28
16396644
-1
0
5097423
1213
56125
-1
-1
-1
-1
-1
-1
3336
53943
21
206672
16107
16988
232257820
2187
-1
218
506
-1
-1
-1
-1
-1
-1
156
233696
64837
98
1258
29368523
1479
51772
29368523
355914
8869474
6597064
538328
1893374
-1
11578
3114403
70385
9474969
29977
386269
-1
-1
-1
-1
-1
-1
52
-1
13968462
24
367
-1
132
-1
-1
367
902
-1
-1
902
311
2227773
3191131
439289
599956
8099
13550
755
8492361
46014346
25596437
73532104
95446
2137
16976
296
296
1538
1
75
194549
1538
4565226
2526509
1
16976
296
126095
1538
335477
-1
-1
-1
-1
-1
-1
-1
-1
-1
-1
-1
-1
364
-1
-1
1170
-1
268
84
162
590
92
2496
298
45238432
10809541
10
7013
2320399
27247
1179
12
63969
829723
255
562047
9583745
1824938
203805898
23
326149663
78734608
7367907
5647
13582730
1405251
-1
4304
256587
40471
295342490
2915564
331
337223
2870
9717051
85
137595
3197
-1
1323
6520
284
1412
1323
1323
1323
1323
757
1323
3491
420
588
314
1601
31
1455
2
2
2
7
543
7
4
7
4
5
5
23
2
2
1
0
0
0
0
0
0
323
1
236170202
796
1039
303
512
2803
774
78
6860
174
313
436
34
1180
371
500
2359
8238
50090362
726029
57322599
13
-1
-1
-1
137005717
102487730
102487730
570431
42820
998
200
1228120
20961467
960
349756
349756
293
8966974
321
595297412
661180677
235
108
59
35
-1
41
11944133
346882
235
-1
15955
88
-1
-1
89855075
-1
108
11
11944133
238
3546
88
-1
250
88
-1
-1
82
1590
4486
1971
5465
111
171
2308
9152
1304
871
5201
228
7422
7422
7422
7422
7422
7422
-1
-1
-1
-1
-1
-1
-1
-1
-1
-1
1648
-1
-1
2606405
8086
-1
3894696
43746348
1319941
-1
657
24143513
24380
-1
492
108
1634670
-1
334512
-1
52951770
2090
1219
117
-1
-1
712078
1063
-1
-1
3879
-1
174
1847
35646777
-1
138
-1
1718304
7613
930116
130376
-1
13472
-1
47852
284
118278
-1
479824
3616
109
2713050
-1
4867
365
240
-1
582
3636795
1340796
2232214
722
862154
71916
1426284
62899
69
14406
49269
13203691
13203691
437
12
437
2526665
437
78
437
3985041
863
8470
2498
-1
9166368
-1
-1
1307
801
114
133892601
157467807
54
40790082
-1
78519233
1023
172805452
-1
-1
1924
-1
299464877
1023
203883853
9917
8254909
19744955
-1
119
1091722
90
-1
14
-1
90
43820337
189021
19873
74977
65186
1052380
-1
-1
2278654
20066
398
-1
1148051
27194
-1
21702988
14378
457
840
1244
227
84
707
4746
1211256
6597244
2658438
11292530
3240056
632679
346562670
7276
4118
-1
347
-1
130
-1
-1
35044
773766
67
763
625301
693992
2189450
355
835
2420
95
286
96
36
36
36
36
2439
-1
2439
-1
7
11
-1
876
7
-1
21
-1
130
14
1477
6295
500
1527735
240
38
173
30
41
64
7
34
70
42
568
2143
78
109
78
1313
2320
696
1045
-1
-1
1794
48
-1
6651
121
-1
-1
433
-1
13739885
-1
-1
-1
-1
-1
165
9
-1
624
-1
12
-1
206
206
206
206
18911891
206
429
147
-1
20640
17463450
46688
3609
17959192
-1
1101
-1
24
117
757
85072
2457
25552
757
14314263
2158283
3656635
15483410
2158283
8958436
8958436
55755831
891573
974
488492
-1
2158283
45976816
141097388
435
8958436
69647260
55755831
10297334
1363
1166
1778
10801
32815
3366
3475
165848
33
38972
66
33
45883
253
122
25
157
253
4877
-1
215
-1
-1
7
-1
288
288
4877
-1
-1
363
210
112
54
1781
93
35696
34651
484
7
2
7
159
5369
85072
725
2457
153
38058
-1
11160
49
49
-1
38
11688308
2642738624
240146
23595317
-1
-1
1091722
70
1897
217
2107
4217
2859
236
934
1873
363
289
18
-1
-1
184
-1
1115
45600233
6896336
19687
917
9237
17688
31671
11845
16740
26385
24509
13023
8011
925
925
925
925
74
400
-1
88
12
25
24
3
10
30
114
213
513
268
236
330
130
199
13
1209
2548
5224
35
11157
-1
31
363
-1
-1
-1
13431
15365
1
7
-1
-1
15323
-1
92
140
-1
-1
-1
1096
88061571
625520226
20435281
76094
3994919
130780181
7791184
5583598
323416
22866981
41658894
13738624
7131569
594
264401900
91886410
-1
20435281
-1
1096
-1
1357
1123
1556
2253
519
1532
-1
-1
-1
9368450
2749865
896
64395
22177
2542
74428
36
8936215
1115349915
673989
233869
56810357
1153856
1200
1346
-1
-1
424
-1
227062
149
1264
2735
-1
-1
-1
786
367
101
319
57
615
123
1342
4167
23972
2709
92
-1
-1
48
-1
-1
-1
-1
-1
-1
-1
-1
-1
-1
41645
-1
118
63852
163551
-1
117708
2900
6597244
6620738
133
34192637
367470
6597244
99
845
79337977
1015325
2409007
198
111
136
111
30995999
714
1568
533
581
-1
162
-1
2983802
-1
386
-1
61
-1
149985
4276321
30383
37527258
1554941
4084223
43
12
6235663
11
8081
134512
25856811
4680
10809541
8958349
189
690
74
11521764
-1
-1
40860
1446
291
6351
443
250625
-1
-1
-1
123
19411
19411
448260
1389
5574073
1389
448260
75008
473
14
337
22074
4501
4960
966285
15710
418
-1
809
-1
-1
809
-1
-1
208
3
1747
3827
174
3796732
12518
952
477972759
1120
568
141
-1
7
141
263
6298121
1
2
6455
2
1
1
-1
194
1
4
0
2910576
1704861
3
-1
-1
0
1
8
-1
2019
1186
1
16
4
2
1
0
1
2
5
3
2
-1
-1
-1
-1
-1
-1
-1
-1
-1
-1
-1
-1
-1
-1
-1
-1
-1
-1
-1
-1
-1
-1
-1
-1
-1
-1
-1
-1
-1
-1
-1
195692
2706
202734
1142
667501
2040
165
79
95
86
73
391593
95341
87
114
236
961
2533
23
3147
20
17
35
2533
455
30
30
22
180
17
74
493
67
289
17177
31
142
1578
622
622
622
622
101
216790
174
77
318
3426
15580
90564133
10100957
244
30605823
1690
154569
1468
37
3166
35044
54
3166
154569
748
8614
3247
290
43
130
103
122353005
1524602
701
16
52
604619
23
3132
4
146
23211
82086
1319
1319
11330
439
42
377
203930391
7288106
2359660
32064156
253
30723348
1319
267417
664
188088
71542
18074781
1280
217
11271
100487
1629780
47256
132
7675
47256
1005527
153729
3204149
3142
142
28
160
39
198
172
426
548
275
48
88
3093
3093
3093
-1
3093
321197
-1
-1
-1
42231304
-1
-1
383
328
-1
163
52
-1
120
-1
-1
680
341
-1
31
-1
-1
-1
-1
35249
-1
-1
-1
-1
-1
127
68
1274238
1295
60
-1
558
36492
129
5663974
50405
-1
428
356
-1
352
11735589
-1
8730658
-1
-1
2057241
61231
-1
2947234
564
139
-1
-1
3155251
110
3718993
1098
132097272
-1
-1
154773
-1
29247
-1
93
-1
2158383
-1
6157
-1
-1
845230
179817
186
-1
107160
804828
5
5
29721
15661
295
4227
359
371
2324
238
3197
2945
359
2880
1144
1144
1144
1710
7404
220
61578
20177
-1
-1
651
-1
-1
-1
336791
321894
-1
35
-1
-1
-1
54
-1
-1
258907709
39
-1
24681
348
-1
-1
-1
243
8217786
1824
288288
992
4
86
610160
12538
15816489
-1
-1
-1
2465
124
7183
64688
22
197
25
27
42
42
9599917
754
22580
39095
5667
28035
630
4
7
628
141
5466
64
572
2792
124024
768039
58453
604755
1616239
26
69
1217
304477
138
29041
3130
5309
2122
35
155
31908
26
69
15013
1251
-1
22
2764
13923
130101
163863
65168486
-1
244
537
749
733
256
368689
1756
31
2660
440
1358
2964
2122
1389
1663
421
293
3941
454
220
10465
11584
545
911
915
113113
2187
14
27
6
416
-1
17
7
28
64073
2362
1917190
17730491
49
180139
1974
30
13593764
2
50
416
4853
6943
3407
228
8740
162
7661
-1
-1
485137399
-1
-1
180449276
-1
-1
-1
780
19582
14514
3533
507
865
-1
258
371
-1
-1
205
-1
-1
-1
56
-1
99
3
350
-1
-1
74
69870
-1
322
708
238198
3008
91
1933
376
5767
8552061
178
8552061
5767
255
5767
825
54
-1
-1
-1
-1
-1
-1
-1
-1
-1
-1
-1
-1
-1
-1
-1
-1
-1
-1
-1
-1
-1
147167
147167
4416
11672
2640
2640
6188
147167
147167
12145
3858
634
659
551
1347
253
389
986
-1
278
21
66
13
541
40
224
780
80
324
55
15888
31262
1271
167606
2303
191
4302
311002
268082
327
25489657
105557
2526322
1171598
2476
3243
4840
1846
2890
131287
476302
-1
350
182
375
2297
-1
-1
43
-1
303
192
302
-1
120
-1
24
192
192
297
60219
350472693
5511
1824
1483
14732
277
1669
1556
-1
-1
-1
-1
-1
6957
51930
6748
1417
1585
675
-1
-1
15316
2796183
-1
8238658
299706073
3239547
6802
1315
7719729
2767
1315
32139
990
990
990
-1
-1
-1
-1
-1
780
-1
2625
17347
33579
165
4874
444
998994
623
33579
3424
207
439
95
761
189
4323
13967
4963
601
127
171
88
-1
-1
-1
-1
-1
971
119
5569
-1
721
97836
569
149
-1
19037
53595
1567
844
4841
9930
3
584
21
3191
6256
578
215
1112
22606
22606
22606
1112
22606
7227
27441537
2371
12678
15837
-1
258087
6533
713
713
713
713
3394
4338
5753
5753
2933
1857
1005
202
4290
3053
12
839
813172135
237
2240
6523
243893
435
4041
850
2854
628
16742
16742
-1
774
44
299
-1
-1
1731
-1
12687
57
-1
-1
809
684
23
-1
-1
24
-1
24
-1
-1
-1
1651
23
1039273
254
113
5
2
6
4
0
2
11
3
0
16
4
3
1
15
39
169
16
173
6
1523
566
926
142
263
2143
173
75841
196
88
1357614
50405
299
6
75841
-1
-1
3578
464
-1
745813093
7357
689
5237873
211613049
248
14372
2021
-1
92
3384
271
226
13575
5808304
13569
-1
-1
3453436
-1
462
4032188
-1
73
389
329
-1
1025
515
7355238
-1
1104
-1
106
-1
-1
-1
-1
100487
-1
-1
1893533
-1
5
-1
-1
286
1200
6025
26650
3027
2324
1435
27549
335403
58723
-1
782
1421
216
2563
-1
129
4114
2651
72
72
72
72
72
2665
1154
331
-1
