1132
3732
118
376
224
339
375
531
359
299
3001
148
1627
6068
9
778
62
174
96443
50
42
61
1277
32
650
175
49
76
4
40
13424
872
14
998
51
41
279
1927
32698
3468
1706
4310
391
421
889
2921
4535
4271445
322
-1
52838
465
10
1595
13748
-1
232
22442
221
618315
149
-1
342618
19759
-1
305
673105
618757
-1
54960624
-1
54960624
11121662
-1
-1
-1
30696855
72
72
72
72
72
-1
438
93691851
-1
90
6203039
309
3148
260916
79
19291
860
4513627
59671881
2933068
-1
430
-1
-1
16
-1
-1
-1
-1
-1
-1
-1
-1
-1
430
11477
-1
-1
102600
-1
16355757
-1
1419983
714
63533443
188
280
51424801
2149
31206800
177
-1
108488
4
159
-1
504
56971
-1
3594
-1
-1
-1
9315
-1
-1
-1
-1
-1
-1
-1
212
225078398
304
255
112
114186
2119672
1047
19666
-1
-1
1622
358
358
402080
31799
24447403
39764656
2239108
402080
402080
402080
14434
160915
45
1090101
-1
6154
396
79
396
396
396
396
42912063
1738
1207
45
65
953
-1
40268341
117634
-1
6968336
145938
1185
49213278
9370173
93691851
160
657835
60
55
132
113
83
51
14130862
45
44259
2695603
49
116
168
214
54
56
63
141
5207262
21721
308066
69
67
22042
14130862
93691851
133
61
54
34
6159
137
137
-1
28774151
-1
-1
60178
-1
109
36
23
66
244
38
61
11377688
700
158130054
43
581
291
1398
509
370
10004561
57205115
729
782855
17001
60850431
2149
1790
2277799
-1
-1
6169047
4855957
-1
7961240
-1
563
60850431
-1
394
2847
253
394
-1
608
212
32082
1238
1429
7335
90740
2499
90740
4443
90740
14255
90740
12238
18787
1105
107
1259
2
3834884
266
2467
384
-1
1007
87
179
8841916
670
1513406
54
2284142
292
546
159
224
9682739
2425
2425
2425
2425
2425
2425
2425
2425
2425
2425
1888303
337100
467
33253412
34
1110
1081
3952
10560
163592
-1
2079
1998
115
92
189511
122
120101
1644
81587
10900
1644
108778
134255
180
1521
661
169
3182
384
5585
57
10
128
15
113
-1
-1
-1
150
-1
-1
-1
47
-1
-1
-1
-1
-1
11844531
5593
5
3995
69597
-1
200759
711
-1
2264
14654
153
1589
2774
462
968
20
2932
3112
914
-1
53
1915
-1
365
-1
4552335
-1
-1
-1
1440
1121
-1
-1
3001
26410934
105427665
410
1522176
931458
72
3001
30993
388968
144878
314892
57694
9720
99482
64338
29998
63201
90484
-1
177
-1
58213984
43771646
5225239
140
-1
1913357
133
7176
27084
1925
1977595
1055123
79
-1
-1
-1
-1
-1
-1
768
-1
-1
-1
-1
-1
79
-1
-1
-1
858
-1
-1
-1
-1
-1
-1
1968
3688
3493
520
58
438
2336
243
5116
-1
-1
-1
1615501376
1697704
14577862
811
592568413
14577862
2263
425
-1
526
-1
187
2727342
23
481306
718
178753
889
495
272
370
-1
-1
-1
154
-1
181
-1
3452
-1
281
-1
308
-1
36059916
5889009
3418006
-1
39
9626
9626
9626
9626
3984
3984
3984
462
3984
3984
329
116558
329
790
839
-1
-1
1185
624
3945
158
-1
141
120
753
112230
185
1160
33691517
2838
5763
383
814
-1
-1
-1
-1
3889072
-1
9311
379
208
8829
38
39
91460
280
10685681
7501
53765
44097
-1
24721381
2364
25545
762
2658
1500
1075
747
2804653
-1
-1
235
1662
129327991
566265
9913
-1
3316
-1
1301196
1454
1957047
1008065
203215786
35377
834021
683
194648
403054
14974709
5795847
3546
601436
4404
390403
-1
66
66
100
100
75
9128
100
117
100
430
-1
13339
585629
226
-1
1986153
378465
1343280
2664610
3308135
777
3074
1365
-1
12631826
-1
1977699
105
2895
264
6
2989
907123
382
340171
118378
117751
1250
726
112
2701
538
75
535
211
253
3692
-1
-1
-1
-1
-1
-1
-1
-1
-1
-1
-1
-1
-1
-1
-1
-1
-1
-1
-1
-1
3375
25173
4419
4415
155
30
21143683
189
1246
30155
17236
64701
45940
17674
89250
84083
86517
4453
13201
30155
-1
-1
671
169757
1155998
81
671
-1
-1
-1
62
49
35474483
58361708
114703257
297
475134
119
195
4721
-1
6255
3810
3900
16367
173007
24206
2582
22469
32862
2542
9278
2117987
696
975
107
203165
2858123
79132227
-1
5011
-1
4162
242
3275
8024
74
-1
238
74
1984
441
-1
152
28225495
518
-1
693
-1
-1
80
239
48
311
8
64
2329752
18617105
8286
540315
143863466
61573999
14568223
695
371
10165715
21
-1
10710
479
2338
3223
3006
1788
2525
3540
945
1009
5160
206
-1
2068
32901
-1
-1
-1
10155
334311160
4300115
5920885
142421
30
4009030
5766346
106
22
6597363
9028
81357064
7501
11550525
904030
2309542
8003
910
40183
1311668
-1
-1
228
542
33
3042
444
2
4001
537
418
508
8861
454
5137934
4012994
8253689
14955
5504434
370
6662613
-1
-1
39796
38573837
926
747
892
113
47
39
926
2242
12
-1
10638
9148
181
-1
8435
1022
4488
89035
29339
106251
1916
352
189
1392
616
105
182
10443
55616
226
63
18
9963
194
1161
29
20
267
6489
794
35
215
24
-1
139
1069
18
-1
23
1453
442
0
29
5735
84947
372
2639
2308
84947
871
128
-1
77
1061
37
1372
64
18210
1009437
10711233
-1
4136
74058
-1
-1
213589
2951517
6391371
223
12924
37735
63885
189403
351023
1330
35595
11312
70972
1852
179
8829
1114
4190
-1
33
3508
1695
37209
30667
-1
1578
1556
40152
1705
23
3797
971
69
2317
348
6355
17905
1497
1761
9890561
8060
22
24977108
4265
-1
-1
-1
909
435
-1
-1
44
122857
126
-1
-1
95081
1017
-1
-1
-1
-1
34329909
69476
-1
1547641
5913
139
-1
43401656
49406298
-1
-1
-1
148
502337
-1
-1
731
-1
-1
-1
2480
-1
-1
-1
270
-1
-1
-1
30359973
9160
-1
-1
-1
51
716
-1
80
-1
0
65110
21098
19723
1129800
623
1080
247
641
293
94
762
940827
455
242
242
101
2698
3308
657
441
69
5747
112
68
550
104
175
241
165
124
274
43
204
45
64
300
54
157
753
107
1437
179
91
403760465
1838
4796919
405401
-1
26817636
1041406
32052094
2007146
9742
18203526
638597816
-1
213
-1
186
359
57
12796
1070
206
76
737
4
70
-1
-1
-1
514
-1
-1
95
3
1
819
1
-1
-1
6186610
2985885
495
741
644
2461
1020
1420
16
2
3
-1
-1
38
355
-1
124
23504
-1
302555
297
12422
776815
106
1082
-1
1876718
-1
-1
1404
-1
-1
16
69
147623
194485
2102161
119517
11744867
16083465
110
63
69
17878
3
11644805
1425
30210
29
176
84
1994159
40337
8948
108
2680
451
3203
3797
238
51
242
-1
1855
2218
451
86
498
80
921
1170
4462
2106
2106
80
2218
210
230
382
14988388
2195
54
178
860
7413162
1905921
16352835
13453
2550
-1
-1
922
1088
1022
21173
15712
183
548
395
941
11730
290
634
262
2
756
2114
71340010
296
43586
301
157
331
290
572865
7952
205
883
166304
193
86
230
-1
69
767361
133046462
133902566
52
431
6355652
195790
4432
33063
617
1606
761
307
147432
1547
886381
487027
476630
1848
487027
342
4422876
26577
282
7731403
358
-1
18945
1071
147432
-1
78
36817697
1481
462
99
1848
64
55
105
135
278737
2948
4247
1246
4247
1998
722
658
10421
3275
904
1409433
249579337
2294
4405738
109952
555697967
14661714
776
873540
1223
425777
2331004
194
25541925
151907
68326
242703
13339
15370
11435
77438
78
25541925
167
62633
460318
2167789
13485
158
327191
12948
548
173
46
22598
6224
342
16778
9
133
-1
708
-1
17
-1
741
741
61
623
44
660
-1
7
-1
-1
-1
-1
741
286
39
55645455
41491
55
676
67
56
16893
686
1239
24
139
421
2898702
1081
118
103
-1
28
1119090
2229022461
73681
2411651951
87
4516583
6703304
60195
238308945
1675
225078746
2283168
69755052
-1
2229022461
137
9574
2745
510
39045
510
275
3197
1650
3197
3197
2078
2014
8023
2513
98750
555465
3947
507
3077
2995
35510
91
724
465
342
774
5209394
233
27497
-1
146304
1651567
4651988
803
995
427
11876
661584
9362
832
2781712
122
169
1915
1012
274
97
10
672
21
547
988
506
36125059
510
6948231
432
262
457
-1
234
1757
-1
-1
462
1475
-1
24
-1
1037
-1
-1
-1
15
1757
-1
163
1152
-1
-1
1757
-1
-1
1757
-1
18
539
49
177440978
55052
482
6619306
1737692
8838
711
6635
439737961
-1
72489
39249
1105
2595
16974
-1
91
1094
3340149
-1
10096
1589385
246
1094
-1
386
386
811
1971
-1
33655272
366
51
219
6606296
132618365
344319916
344319916
790
1083
162065877
6731
14183
7986
6731
6731
29
106
65
41
13
18
32
11
2632
-1
120
8842
-1
-1
2052
-1
-1
1161
-1
2757
132
253
1876
1876
54
580
66
278
34852072
133867
163705
662
44361617
2471750
42076
158
144783
654
318
1382
1004
2779
1593
1144
165
2294
8242
574
54137
487027
30499
214
6970005
282
44403
130903
326
12620
4983
1549
24993060
1990
8692
101648
76667
-1
1896
228
634
-1
-1
-1
-1
-1
1185
-1
-1
5636430
29299310
164614
50939
26962159
1687
-1
164614
126527
169
35851
1339308
16136
2453
10265556
14190126
21704361
351
1112505
2966191
22486883
442654
25641976
115709467
3112
130
8510899
280
325
324
107
107
107
253
17
14
-1
-1
15
-1
-1
-1
-1
-1
-1
-1
41
-1
-1
-1
14
-1
-1
-1
16
18861
24426519
45
-1
177
-1
-1
24556136
92
-1
88
261
-1
-1
-1
261
79
374
-1
33
24
-1
60395
20320
3390
23308
19525
47490
141159
51
-1
24
1658
86
4360
173278
-1
122
29060
2802
-1
1604
-1
385798
-1
-1
-1
5223
-1
1092
23388
-1
50
4525
-1
295
7
51
756
-1
-1
-1
-1
8564855
-1
3203574
2754
183
-1
10
1087
-1
-1
2557
3087
458
16615
1682
7694
599
116
195
903
3199
20499
1671
272
8389
301
126
295
147
1613
6115
17207
4274
125
3906
9647
21040
97
15957
107
15957
22766
3407
7045
905
633620
-1
1543960
1499
154
1492250
901
1543960
301
3055
44400
43403
100184
9798
78
-1
221
59794
1058
113
414
769
532
19965
55884242
4353
10205
22242
44403
3073
4990
44403
20637
6662
3413
4868
14669
200
867
3620
564
32416
-1
-1
22384
-1
-1
2798629
8303
242
2905732
110
544938
1904
26127
-1
5223
123946
2907
2337
1909
116675
105549
-1
813
8700
953
936
338
310
856
470
-1
-1
-1
-1
-1
-1
-1
15
-1
-1
-1
-1
-1
-1
-1
-1
-1
-1
17422302
1895
7026
34
-1
-1
-1
2743
-1
28945507
2012237
-1
1017880
2334050
7919023
220
-1
-1
9520
21260679
2495
13620
4369
16271
22
-1
21313514
10036649
57
651
101
23807
225812
4544
3441
60242
21792
57
163566
10272
203745
7884
8527
40821
155177
5132414
532
40
6566
2341
179805
29777
80
12
29027681
11
65
5877
334
94
542
27
297183
164
121504
22599
6
-1
8528
45000
17704
2192
48516
13838
46822
9505
13710
35716
1180
-1
7022676
123
221
20107
593402
437043
42011
3870
15976
55535
10435300
416014
141
-1
8
47
2
2
1
4
11
4
1
64751570
1023
31
-1
114704055
7307724
-1
-1
-1
-1
125
-1
2250
121
818
-1
29576340
656155
-1
158944
26317
-1
171541
-1
220842168
991
268
249
-1
107
1427735
4335
191
606
571
1468
3012
1062
761
184
420
25
289
-1
507
9
11374
153624
381
127264
156
46101
36
43895057
104673
10748
2704
-1
2706
2646
1223637
33
2593
-1
60114
-1
-1
2788
2548
2655
2525
2509
2606
2576
2543
13
146
385116
750
-1
38210
222
1107
-1
-1
7744
-1
45
8361
55
1177
328
-1
-1
600
2405
-1
2
67
50492
467289
-1
357
-1
1354
82
4878253
7967183
8726970
4878253
15
4878253
84050
4878253
1776183
125
1059
7
223080
88
-1
117
4878253
5475550
7433
120
2744
540
3925
31537
792
1244
649
11082
99930
677
-1
35542
50656
1881
352
112
18635
-1
9963423
44
-1
114500
144
6697
5472
22261
522
356
187
65
294
2159
5576
571
6856
847531
1255
149
88
-1
192
-1
-1
278
-1
-1
12606
4787
-1
2544
-1
-1
-1
186
-1
-1
601432
-1
-1
-1
-1
95
152
152
849
28806
-1
15816649
54
14
86
-1
-1
-1
-1
126
1207297
37230
53273
119
101079536
33547
52244
123
128226
798687
1152
22819
24454
1218
1218
7
1346
1690
1944
1039
526
16573
4910
4910
4910
8694
458
3159
2339
11914
283
635
42
4608
1170
1039
1479
66
22104
584
105
62435
121
41
129
1642295
39408
767754
476233
577739
15
812552
7450750
16070137
280
972217
268
1174
66
763
5
10
2622
21529
2505
1779
22590
5004
13757
104295814
283644073
1234670
7693271
1328299
19507565
19324
8153
2342
548
231452
408
1765
237
-1
443
1105
3270026
25200
60688744
62190
34
83381902
11560010
137
145
2954620
13051
237
237
69858217
20267
22603
356211
4533
148502
62281
155061841
22855535
40447
-1
911783
9434
888592
1264
400996
112147
267
127065073
1099544
278
1479712
7297472
140511
81
2628832
3224836
2291777
-1
141
597
12701615
141
-1
293
81
313027
-1
-1
-1
4236
1806
5603
63970182
13706
6845
13634
6845
156
4
5
180
8843
38
12003
168274
85140
85140
55160
664
2471
749
17784
11922
4538
624
1651567
40447
66754307
155061841
-1
22855535
91
57284
16801
15459
9021
27401
1850
26673
69984
41054
4990
3163
10831
2400
27
182894
341
36217
22819
1243
27
-1
116209
766574
7911567
519511
1089068
30023446
310
-1
3969
190150
-1
1292
1292
24
44
2092
-1
-1
-1
-1
-1
15422
995
7913148
427
254
4249
-1
884
2369
24327
2890
1938
8816
1362
34808
2032
5524
3570
687
25485
2616
41145
3892369
1179926
1302
653
1883
445
429
4658
412825
133
17980148
67
91
5688
323
831
190
454
682665
-1
15
15
15
15
-1
54
54
54
1314
208
3044
54
3044
3078
54
54
238
54
54
800
2945
1710
-1
-1
10638
373
170
568
288
855
471
1345
2490
791
198
2051
2116
4338
344
673
1971
7054
5
12
14
-1
-1
-1
765
-1
69
825
175
238
53
68
65
172
83
149
11
52
5431
3791
3354881
121
1183
1587
7
-1
-1
26101
2347814
277588
29032
133848
73118
32135
10920
10920
22069
252282
142648
18992
14866
906
38687
18200
14675
62439
62439
6488
15609
13111
22373
7851
47773
29472
23544
9410
9027
7129
9838
8817
67221
32320
67744
1488087
179
85484
12477
48611
12284
25525
366495
87101
232548
474224
12549
28743
138169
39538
7189
362600
36729
73194
268771
5531
10925
628346
13334
809780
573597
32410
150200
34805
66019
58742
83792
11703
32410
150200
34805
66019
2490
58742
83792
11703
39357
935
633
30746
35490
17337
26249
10824
35600
2569950
85402
2340
215
100
4032
966
927
1625
1216
572
2150
19680167
362567
259
51
180
176
119
50
269
677
3201
119
34
54
119
3201
119
160
19
-1
-1
-1
-1
-1
1180
1473
68
110
110
110
179
110
1371
307
83
2735606
307
7681112
13620947
2432
-1
4
37
792
12
-1
491
108
14
-1
-1
-1
1099
-1
1281
223
31217
36676377
27475
58847615
592
6026
12078
47
1472
-1
39
18
29
8749
-1
436
-1
296988
116294
1527758
60149
75670
895467
424987
124912
109
6557
9140920
1896192
685
635
9628
48779
-1
3652
7854
4749
-1
-1
478
4725
8316
1053
-1
9945
1966
1619
268
16212
27
4332
27
-1
-1
-1
9272
4235
11
6281
15
-1
17
262
69
453
17
2026
-1
-1
639
10586
90672
648
186803
33
-1
-1
-1
3538391
133
634
3224
6741
152
3048
152638
119
64
29
-1
12
-1
34
91
852
770
22
51
4
2089
235
1364
470
1453
2734956
1398
101
-1
-1
447
2722
19844768
471
2246
68016
158
5563
1422
7
4311
47363
269
153
2678841
11821
971
-1
2387476
34940
2622
838911
137004014
-1
2799920
3534236
1788623
2101
485835
257635
-1
2413
204423253
-1
-1
83
170
172
148
224
1622
79
874
37
107
-1
11920
6031
3971
148
37765
1020
515
385
149
644
698
672
225
698
254
12255037
365
1556438
30614529
8316
3261
830
1071
8316
-1
-1
3261
15816649
3406
3406
65
1283188
-1
1880
-1
1556438
8316
30614529
22274
830
3390
120
143
2614
650499
650499
650499
650499
650499
608
1681
258
655
1799
150
2521
1799
1799
1081
1071
3777
836
228
86
3460759
14438474
84265187
166
245825
113338
158809
5146
270
27
27
-1
34
97
791
261
121
114
227
121
97
-1
-1
-1
4035
326
23
387
56402924
530
9
7
2
5
206
224
801
134
1394
1213
-1
23
144
121
197
63
153
-1
-1
-1
801
553
2847
2847
182
2847
145
145
2085800
53572043
89
617
-1
1709695
186
203
266
474
1066
118
-1
248681
-1
134
-1
1677
136
692
-1
281
972
196
715
2317
1002
95
85691
17
3471
493
-1
1839331
1788
766
-1
-1
-1
3536
82
413
9840
1592
23
13
12
-1
4317
11855
22008
22008
6053
761
-1
22008
57445
2870397
1013
21689
74
372
3032
6611
35
11032
1252
94
8109
-1
329
-1
17
941
314
3002
629
2602
814
26433
2938
4416
10411
2326
7175
437
83201
1713
-1
2346
2602
3425
3900
4551
1809
20078
160
1645
3407
984
671
170
170
-1
170
504
24678
6596
23
24678
23
32
2010
4268
5713
1105
282029583
3850
282029583
9591
5713
3013
276
522
17
17
116
4641
2914
5019
1378
2188
523
346
1727
561
1413
147
2
86
2854
455
33
140839
235
835
-1
-1
-1
8992189
-1
76081
25930405
25930405
25930405
25930405
11496
855
107967
190
367
1435
-1
384
289
174113
1000
5744
24528
4354
32587
1123
26712
499
262
541
499
499
254
1449
226
499
283815
49
4373
1556
7
171
1229
138949
5424
158817
277
1090
1122
-1
217
788
33711
2181
5057
163
490
36
19405
611674
1029
3701
19394
214
379
247
2204
104
-1
17954
121
334
45
342
949
237
43
791
163
16
14379
190
519
-1
-1
-1
2905732
-1
138761
-1
-1
-1
-1
-1
182270
-1
22031
16
-1
76081
91
109
-1
109
109
72
36
-1
586
2614
4491
39574
5612
2113
59794
65172
17130
3703
3357
5882
716
9813
8899
3300
3139
86
1133
41413
1133
1616
23712
2528
16550
9257
2528
20803
202929
1510
2528
34143
2528
18
1018
1507
50
1170
445554
106736
1108
190
1367
1237
1914
175
156477
372
-1
475
355
276
-1
71
65
-1
372
-1
8562
273166
35316
6326
31832714
31143
4343
214
25788
1809
1407
561742
4686
4407
1578834
1153
5815
81
145
427
13
1290958
14689404
468
141
3970
3245
171156
33799
16774
76
1204074
491
16942
33
1096
314
295
24009876
-1
468482
404
404
404
404
169
48
120
92
3469
63
438
157
112
0
157
4002
-1
116
311
73
778818
615
591780
2388
35433851
4778143
70
-1
943
-1
-1
996
1707
-1
1552
1552
1552
3815
80294
88
40439191
279622
13634
84742
821
-1
-1
89
107
93
93
93
93
93
93
-1
-1
93
93
-1
93
38
89
1904158
6
14
5
3
9
3189
5
12836
9
3
216687
6
-1
77
4990
43
515
366
164
130
103021302
6114
21465
3
21
18049
11588
142
1002
195059
-1
-1
-1
-1
-1
-1
-1
-1
-1
-1
-1
-1
-1
-1
-1
-1
-1
-1
-1
-1
1247896
240
-1
1487
-1
144
2850017
-1
4812691
-1
-1
4812691
114200
778872
-1
77
45286
341
33
-1
245
331
144069370
35
124517
80
90
124517
830
124517
23
10216750
124517
94
9445141
5333083
86
813606604
86
-1
-1
-1
-1
366
46
355965
-1
4326
821
9604
56
9
38
24
10
27
2
-1
-1
33051671
-1
161
3293
36
57058044
176
8
1479
42
-1
41006
179
-1
183
-1
-1
850
-1
329
684
359
35867
578
119517
1247896
438201
359
359
-1
-1
359
-1
491
547
-1
359
550
893
1817
1042738
415
1356
246216840
3984
89992
1394
23180
1127
-1
-1
3725
359
-1
-1
192058
135045
-1
-1
15389
-1
-1
359
119517
-1
36012
17714411
12890643
40
4812719
778872
2850017
179
2508
1388
2922
1388
1224
1388
28397
1556
2508
719
633
-1
4812719
-1
9113
17714411
7442
-1
282735
44
330
219
631
151
271
329
201
55064
3249
10166
2882
22115
396
212
106964
19928
867
915
2258944
10926005
489207
311466966
111335426
1650499
6513974
3064830
18621959
7930076
31213405
18621959
232344
22545426
31213405
2173
517331
800935
431572
431572
391955
22752
44365530
5180168
900269
3419840
583094
815207
31213405
721844
45375007
352040
10244
7
-1
6386
6386
7728
105
249
233
3594
373373
111481
57963
6906
42167
7546
7022
2817
107615
4945
52379
40738
17321
284
284
-1
2352
32569853
5644628
6901
104816
2566
14153
5331
2167
27476906
52541
289759
1284754
81295
1973018
600
75924025
179
8613070
107908
80038234
-1
-1
64
6475736
3335
30667
2547
307
32
21
2170
-1
17660
-1
126467
3674
-1
-1
1156392
112147
155063416
81
6123534
2091
472
370170
657671
140511
146304
40447
1576
1374
846
1552
1157
535
1794
135790
871
1752
1752
342
292
261
239
251
1213
1752
1176
812
124
162
84
-1
4410
-1
316
77109
575927
1702
11873
680
22
381207
5161296
1904
17045
699
197258578
1516
1227
549
373
283
1045
14385063
421
12089
181
5703
16312
8624050
2
8127
3153
8624050
3513
8624050
-1
66
896
8
26
6
39
151
3
108984853
36438
33
193
399
686
193
2724
9442
26083
8652
22246
3938
4761
3761
100
19178
800
130
136
154
229
546
191
325
5922894
180
6436540
3
153
971
898274
268
268
88
5772
-1
1077
5099
63
-1
21358440
44202
325
10764
5922894
6
3
268
971
261
4383
14332
200
-1
359
-1
-1
-1
-1
-1
-1
-1
2958
-1
-1
132
359
-1
5399
46
108
69
387
432
638
16
275
3673
7136
4717
351603
1259
94
1967
6750
14163
1031
2661
3946
43
2429
7336
1182
134
105
2024
3461
5729
994
2536
53506
11415
1270
9884
9597
1343
4357
6342
4388
108
3524
2769
5402
3357
911
357
11190
59
21
3700
2820
4108
21758
4375
746
1181
1028
9605
6340
19840
25261
106
421487
35
91
9661
98
5938
1164
8869
627
29136
5069
6762
29847
6914
163301
60639
274414
2263
52953
21093
13308
4025
194959
232
-1
-1
-1
67
855
42436946
42436946
1248
1248
747
1248
1248
1248
1248
1248
1248
1248
1248
1248
-1
-1
-1
268293
-1
35
261501
994
-1
21563
50
61131
-1
50
374
549
603568
788893699
281212020
2031422
-1
78301
7972
28776883
1903
7972
-1
94917304
309
7972
50
788893699
-1
300
50
213974
459
309
603568
53276738
310
427065514
103
50008
90
50
374
57
57
12349
278
3900
35167909
303032
1790
136
43
372
81607
3365498
87612
1397
5374
210
259
298
5458
115015
62
142
23
11
68
41047680
1376
126
610
11838918
340
2925
42
162
1361
123
752
49
23
98
299
61
4633
54
16621
202721258
58
19
91
54
15494625
-1
25
3718
437
858
972
501
1134
687
487
2173
123
156
252
-1
270
-1
1509796482
23304
-1
-1
13267
274
2394
837
758
99
2317
972
715
17
281
196
1576
917
159
1384
116
917
451
679
1024
143
952
1107
4298
-1
-1
166
19284
330
153317794
19284
150
108
471
1682
113
491364
3476
62
206631851
3476
2243
8583
6948
8411
3274
255
39827
152162
2387
11658
11658
1356
2582
219187
7429
2851
1382
2134
8169701
264167270
589749
134171371
512
6282
11375521
11994964
237
26789
16702
3476
6241
124
49
72
108
6241
4474
7903
245
257
116
45
2265603
43032
9154508
18687
-1
118935334
29103762
18
130952
-1
10130633
432945
9154508
2841
7455
-1
56007
19
-1
42
-1
1205
25378394
-1
-1
-1
-1
433
-1
292
-1
411530
207513
5459747
59
1198124
198782
257859524
-1
-1
-1
-1
-1
121992
253
-1
-1
39361
2642772
72
82
-1
16219
201
6210297
-1
1856031
-1
1594840
-1
507
-1
7175
-1
-1
-1
685
31
581667
7859090
-1
667
550
-1
-1
3420258
476
27194
917
199
-1
65
-1
390
3
11
6
1
1
3
0
3
15
0
19
1
38510863
3068228
30147920
90871628
17261
3942741
445
78
6597363
11
3
1
38
152166
-1
695
-1
4015
424
-1
7310
-1
1061321
1608047
28576125
572
21446890
41776560
44959163
152166
-1
-1
7
-1
1247896
1673
162758
192058
192058
135045
184303
-1
1149
73541
-1
35818
192058
123
-1
-1
-1
856
-1
1118410
112
1350093
4993870
144099
878192
2600783
8524099
318
17
-1
6033246
951
125798493
42006039
191
392
423
27
2164
69
-1
-1
4150602
-1
-1
-1
284
42
1756
228
7194
423
257
63
2495
259
259
122
724
674
154
-1
1325
51
80
379
45
-1
57
176
86
47
20
2123
5622
297
365170
130
5272
-1
293
293
256
505844
509
2908
117
2783
691
852
597
1701
-1
-1
-1
587
-1
-1
-1
1844
1844
-1
-1
-1
15606
310
15606
61
4231
620
175
4231
6162
23865
233
552
15606
89216
1353
23865
2959
4703
2380
32122379
3220778
13548045
1259241
2735
439745029
8969863
4300447
8969863
18465091
5378660
151
1691552
9450870
20150631
90014
-1
-1
-1
152
-1
95
-1
-1
-1
-1
-1
94
3432
78
-1
57
-1
-1
-1
223
19940
250
1252
418
77
547
131
2411661855
123
844
-1
40946
-1
-1
4791
-1
-1
-1
2744
-1
-1
8199
-1
317
-1
-1
-1
-1
-1
2835100
1353
7122
5568
1006
435
5404
39070
218
324
3686
475708
403
365
42584
731
21545294
330
122271
327
2506
919808
57245
5493885
31
13745177
-1
-1
1481
135255
159561813
4641421
33
217
310
-1
8195
8195
1637
82
40882866
65977
1041
35795
221312
5152277
25348
199
8113
1709
8582
1425
35
2965
960360
-1
136
1751
136
-1
1191
9111
112783
-1
-1
4925
3481785
267368
20832756
498
65977
697
283106
35795
-1
676
480
65
1443
1443
1443
1443
720
720
925
1542
410
294365820
4438
986
10534
532
14
376188
9
1
18
3
8
5
19
91
184
124
8766
321
2023117
1423
309
2560
741
342
8796
5014
18921
8796
3411
962
348
348
348
348
348
348
348
2045
2045
2045
2045
2045
2045
-1
-1
13
-1
-1
276
1443
3452
343
7500
2678
75
9303
1763
2468
4438
145
57
134
277403
1837674
3033
60
35
63
101
142
297
13976
4426
13705
5446
8692
1741
2005
173
127
6889
6675
348294
4989
2044
30141
3235
1027
684
11655
26487
1516
30141
776
15090
30141
30141
3141
2495
2939
992
30141
30141
30141
2000
1535
3414
1930
10148
2592
22279
40297
3219
8478
801
1911
5736
11413
52005
7846
5686
30418
27771138
6268
3807197415
14379
1659
2602
743
11400
-1
442
158
568
557
557
557
15450426
61196
20029
53907703
18973495
36530
-1
326765027
1439426560
-1
2768033
340500
-1
-1
30522
138807
2743
26551
9456
667111
255719
2228
11675713
11500
-1
9891506
9
-1
-1
3401
1188
21886270
1503
132
-1
-1
-1
201
954
172
954
232
700
627
509
627
339
23526
-1
123
29983
2384248
45411243
277200
459
-1
-1
979558
296
5693
285
223489
216
67
19366746
16234421
-1
726
276041
479
41317
1144
1542
11026
278
95985
77311
16595
2880
462
16533
7404
11457
13584
1710
3957295
721
2179
21666
17671
75642602
75642602
-1
2037847
122
47235488
-1
-1
13538
-1
295381991
149580269
363
1274
2542158
30495836
13
17671
122
1899753
485257559
61131
284051505
15678
40368217
397
4630
15
-1
-1
5
6
2
2392
13
54336722
20
14
152
33
41
14
21
12
26
11
2463
1650
278
16533
13584
16595
95985
462
11026
41317
1144
77311
7404
381
2880
2945
563
286
1873
2859
492
4109
575
5427
10454
1554392
1433
8149348
484
2285366
92010324
1184399733
312320
70586136
22314
1418727
39361
103821
966
130604550
55
-1
93503735
119459
26184
-1
-1
-1
1162878
132
-1
-1
-1
-1
-1
1491
-1
69
-1
-1
3775
327397
643166
34
138591
1085706
17379764
235
3554298
3267584
501
516966
4300985
-1
-1
9
17
49
8
1372
244
110
110
72
98257841
97
156
258
172
-1
6
7
1221
807
637
279
-1
594
1860
7661
272
-1
24823
272
-1
272
311
-1
-1
272
-1
28
219
-1
-1
-1
-1
-1
-1
329
956
3504
-1
5181
-1
29
1864
7068
3662408
82
328
1464
1567
5898835
195912
7835
970
542
302
68030
17756
15
228
721
-1
357
1290
-1
1290
3492347
311416
328
-1
-1
7805982
11936
29376145
61254
11
11
69
325
74
325
300
25
376
70643
73613
362972
56213
14379
13676
1255
2442
2275
832
2901
1255
43014
56907
1255
358951
440642
354
263
45
45
45
954
993
222
245
3486
427
-1
-1
-1
-1
3114
8520792
3456
191
12997
161
12997
58
146
10
121
141
19975
5973
737
127
269
2381
47
42
61
52
51
55
290
145
37
52
2131
-1
-1
-1
-1
-1
-1
-1
-1
4581
2369
2369
