296
272
-1
3097
-1
-1
-1
272
1501
-1
61
55
595
682
254
360
11615671
802
269793
12360
24019
209878
89316397
89316397
4467860
137
807022
4705659
1429
1328
5226
544
292415
87
-1
7255
1012
3414
29
46
7766208
284
1232
552941
27
25675278
514
309507
525731
358534
808373
552941
1364425
2350
4112
241
1032477
-1
1082532
542119
5895857
1756
2573647
81
297
56
22
4188
3197
1762935
97
81
119
1082532
12620
568
1053
98
3817290
-1
-1
18
508213
542119
2752926
303
26379
552941
4550732
597855
32711577
32711577
27
1224209
1954
377
493
116
1467
93
113149
6864
65
11
65
1289
1408
89
134
68
1788
58
18634
258
132
208
3185
93635
51
63491
380
33
43
21529
195
32
4
207
-1
546
-1
-1
-1
-1
-1
-1
-1
-1
-1
-1
-1
1
186
-1
-1
-1
-1
3160060
879
223
1578
-1
339724
2228
-1
131
2373204
147
-1
391
339724
-1
-1
3618380
178142
260371
78169
238635
32711577
-1
104481544
-1
157
-1
-1
-1
-1
-1
-1
2101
178142
347
-1
-1
83241847
17677818
-1
-1
14698056
-1
-1
-1
-1
527795909
-1
338
-1
-1
83241847
146828232
-1
-1
-1
-1
883246
-1
391
27
-1
-1
-1
1602
-1
-1
270201
-1
1337
317
73
62
22
1439
152
72
9191
16419
3629
29021340
-1
18695209
9004778
265
30090501
-1
633
19887467
-1
-1
1760
8961
49
274
672
21
547
-1
63491
66
3272
-1
598
-1
108
-1
-1
451
-1
4308
2019
3084428
1890470
504458
23782
254262
438055
6460
107
174
83
133
593
453
99
-1
1227
-1
927
15052033
-1
-1
51554947
403
-1
30979234
5096
-1
527
-1
285
107000
18
118
43
873
38
1775
33
9654
71
75
-1
288
59
47
958947602
-1
-1
71
341191
56
5918945
100
74
25
195
88131
1979
72992729
406
-1
-1
786616
216
403
1581
215
109
90
43
146
259277
-1
106589
-1
124
593
35
1250
68
679193
4566
593
5415
113296
6172595
19
402
74
-1
-1
85173347
9215
68
-1
4454
829
7237
19991
46314
36720
22945
30886
212429
-1
1009
1009
-1
168
819
-1
6941561
66633
542515
119941
4353159
16790
614304
29705539
-1
1202
1179
34113
198976
261587
40671
287502
1088303
307
20102937
2456
53
5
-1
586
824
652349
62
5281
21508
334
147330
989
-1
114
-1
-1
-1
-1
-1
-1
-1
-1
1590442
285235
5128235
568
568
-1
-1
1886
1772
-1
16187
40
103
10182
848
-1
98843
388005
-1
39503
-1
-1
1453
1453
1453
2790
3117
1453
1453
79771871
5880097
4201592
4401
1797
5372
3713
2692
18007
34
122341
136
2797
252
10
-1
1846
-1
4
12035
1307
1307
110
5658
23175856
1
4545
4
8001
1366
285
221695
327
190
355
155
93
177
258
314
142
-1
-1
-1
-1
-1
-1
-1
-1
0
-1
-1
-1
7729
-1
1313933
258
19606896
294
-1
308
8942803
383355
1069
760
936
633
456
916
2618
2618
533
64038258
29327
118
501
282312
6678
35607
349
68
14488
49
1652960
953
13
177
3034
2
7094
7
951
72
1098
1331
-1
15
-1
15
15
15
15
-1
4506
290
302
680
4506
74461
23053
358205
143405
533730
17312
29710
451
-1
-1
41
-1
989
345
5512
4444
-1
378
4444
168
36006336
2227
14
62
345
72
152
12187489
122
19
22
2726
1141
1077
-1
3074
4659
820
209
2026
13576263
3573
889
218
2209110
236
56
438404787
518594
68845733
66363
32616758
48268
25384
2348
34762
364
16778
4564
9225
517570
26157347
1903351
71199
5938981
427035
1100124
1755
70
4414
16
590
14026031
122918
3515
-1
-1
2912788
27
12316733
3081
461
5
2718305
1603
20
1364
55
1696
3348
2472
1144
1696
1308
184602
-1
215
104
37
224
279
50
45
50
28042
997
92
320
154
40723
1195
17
252
19
64
420
299
156
294247
54
77
126
209
258
118
82
225
230
150
21
643
401
13
641
7669
127
121
1447
399
1373
8810
8810
8810
8810
-1
-1
78
78
78
-1
-1
-1
12009
12009
12009
67317
1641
17
529568
2633
596
539
1281
7361709
1574
-1
22166883
452048
35948681
160686
-1
-1
36199696
3323238
12691653
2242622
57506781
-1
30481249
-1
662
536352
-1
-1
-1
200130
-1
6978338
1092
1740
13435
3068
230
1642
11
495
31
9382
-1
333
348005
7284
1475434
-1
-1
317011
348005
31
2286
-1
5021
3
4796592
31
333
497
3346
133
2361
8894090
251
105842
488169
-1
-1
63
336
9971
8722
161266
82
2632
48737939
153
277528
2105
184170106
2245534
1718
238
9077
36
219
232
31
2043
566
1406
1984
-1
49
68
962
-1
894
54165
488
3101
6917
-1
29804
6
189068
2708633
42
216
15069337
89833647
-1
2556
89833647
89833647
89833647
-1
26170425
34108878
89833647
4210721
52383198
886
-1
52383198
1250
56963663
886
82381
113
113
113
113
113
113
55
18166
2586
2753
591
37868
64
3391
1115
4206
2466
2666088
28824926
2202
13698538
987195
9652
501
253566
2933
346932851
216475
28824926
6075
972804
119
133299561
133299561
46372685
5436
8581
110542
124
2050715
11114
788
46
95
426735
1727
-1
-1
-1
-1
-1
1946455
15
125674
-1
69661
15
-1
1085
-1
-1
-1
760
-1
108
56016
13806
3428
175
1218
13806
13806
1603
3439
1468
23809
1333
165
6716
882
1685
-1
38
-1
2894092
-1
72
13735761
56260
286
651
1871
165
77
431
4792031
1101526
2700
174
10181591
2828
137
137
15804
80
637272
317158
34535154
3069
694196
23045492
10181591
26
6872
-1
500
-1
22137410
166556
22137410
19674
38
30
1366247
25530149
396
50
24
1160
4210
920
18
49689291
24
21
22
67
487007
30683
50
359764
6295
3601
3878
5755
1120
908
1472
2000
158817
11655351
-1
22
1409
1061
3163
9821
10428230
53
-1
1697
1007
555
362
16830874
-1
1502
8407
69896
8
2517726
1
2
2
195862391
18
26632
195862391
1022
419
173
119988
1985
252120
547807
318
8141
12716
881
1
91
3580
671
84099
300862349
62254
1117197
1333163
2295
514
8101
6880
4142
53726
89016
25999
116294
-1
19011
449
-1
13698545
-1
-1
2800197
63799
26557
2058711
31974
18
597934
16
61
37787
1023514
3938
27381
1557442
19393
19393
679
27986
495
134
-1
7193
1005
-1
-1
-1
-1
84
3181924
7193
152
152
152
18075239
3288
1551
-1
83
1934
2131
1219
3008
9634
784
149032
413
6758
1425758
20134
57386
54458
391219
2807112
1279
40623102
104302
16633
2775
19827
10895
4362
31988
3292
49171
1698
-1
-1
-1
1306
-1
-1
9320410
-1
253678
375877
15945
3866
2295
3986
5299
3237
4248
4332
2990
4747
15321
807996
234
4348
17077
1605
628
254
5769
189
124
39
14453
2843
202228
1605787
305807
106704408
13130
32616864
451
498
3501
277
181
54
6585
2018
114
-1
133
-1
12
6792
-1
24
12
1795
18086148
14
173
122027853
82084
26191109
1921
8975967
3549
15945
815
193
222
311
375
191
100
2928
454
78
623
372
556
85
1323
742
120
422
84
86
898
2928
320
6922
794
76
2361
9204
320558
23
3094
427
44029
2361
61
45
126
5728
2361
5222
-1
-1
-1
-1
169
198
524
212
1232
3555056
413512
358
2423
105
159861
355
70391036
24
364
-1
19
11
62
70391036
-1
-1
90204
90204
90204
90204
90204
90204
90204
90204
1570
560
-1
-1
-1
-1
-1
92
-1
55
3299
-1
-1
14069
1285
3300
2157
56
262
68209
3329
21
5986
1660
25201
1376
7166
397901
72
19043
6048
6441
2806
1998
483
32625
3982
1570
10562
30
38
11
8573
19
14
24
17
21
-1
17509046
3801597089
9440536
4430472
288
4101978
5384517
355
195481
7242070
574546
80784
912522
13851468
27496
15145653
1090574
57438418
154
3328
27091319
1095
9
15
1524
4538
1005
-1
445135
312
375
2817
-1
4553
-1
22675
62
769
4661
106
392
782
110
173
13
1259
53
13
-1
98
340
31257
1038138
70
97
347
55
37
92
92
1611648
117359
144648
340893
251370
146944
42470
237425
107177
55087
204915
628760
99451
264
6369
22
264
171
-1
-1
171
175
258
10720
-1
-1
114622599
12
3188117
1260
3980
68892108
70
6728
7006
30130
269913
3480594
-1
41722
169556
1238694
133763
167
379
257
93422743
-1
32649147
1247
1533
3635
26459
111
88586
30485
6287
30226
4527
96245
35814
48569079
525
109
3050
597
55675
300862349
1732
2459145
19746
149
91
3139051
91
764
-1
5980
2250
31238766
67
-1
-1
-1
-1
2059
143834
97811
41423
2047
12880
16212
3189
143834
2106
3561
4641
-1
10782222
-1
691
1660
70
246
2997
288
145
-1
656
134
13
-1
1648
109518
39
100007
816
117359
38
1666
193
376288
678
678
139
12456
-1
24046
123
1505
379
13519
1063419
42136
3547
2028
1227
1472
61192
133177
682
682
119836
243551
661
31448
226876
98730
27263
661
27263
35709
661
38098
126688
216662
92472
185803
108287
51
84357
249
18
15
249
129
118
127
60
9
-1
-1
-1
-1
-1
2001
-1
6459
987801
17528
292
905
4302134
261476
59
57283418
441
618506
1888733
271
198451
2251
3976572
25
984004
9458
841
-1
63
841
841
841
131
12468
47655
29546
4503
437
183
87
710
10856686
89
184
102
947
-1
-1
-1
-1
21586
109
297
99
38
302
817
0
88
50
1318
51
1463
353
4046
353
358
558
-1
142
5
500
590
94
51
2828
6493
3379
3699447
627
126
107
51
32
27
11
55
828
160
62
497
36
127
18810
7074
-1
16170
4599
56726
3116
24971
2122
1210
298
20580
898
329695219
-1
-1
125
109
1466
47128
90
418
1779
-1
1218
2747094
33989
6584
148095170
23218
-1
17274
1010
2010
64336
2010
430500
-1
1030
24700
1297648
14785
63
162
7022947
1874
16144
127466855
69373998
24808
599
54955
36
42711639
79
69373998
28892
123128203
354
776
85
4868
4868
2903
620
3184
177
2497
217
301
12436
4241
165581
5
42
520
42
49
10149
5668
20473
2152
3851
9442
2261
2666
2818
211794
27942
265582
1226
27
2980
160740365
-1
591
67216290
4117
2987
1087
934038
445
-1
2620
10368
1914731
393855209
-1
39784577
8584
-1
-1
2773
66934876
0
2
-1
157
-1
7
-1
321
60
239130
139
-1
376
824
-1
27995
2191
1069
81
4400
81
133
133
1329
-1
39202
684542
445
12120
39
243438
40106
5906
5134634
-1
-1
-1
-1
-1
130
405
-1
-1
-1
42
496
-1
-1
-1
28992
28992
73
4513245
180
73
4488902
47
199
180
47
106
-1
1676682
146
253800
6701159
-1
847762
30541186
-1
109
-1
-1
148
199
5151333
10845410
-1
7716172
-1
161150724
4513245
-1
-1
373
-1
660
-1
115149078
-1
1404460
4513245
46600510
204
-1
502478
4754
16884507
556526
248780
296200
1560134
230
7760
180
61394261
930524
129
593
51
1547
109
1355
2897
2066
245894747
405604197
251209
169302
1872161
954712
292946
568
630
2554
1611
203
1189
1155
-1
28
9
10689
10254529
315
3398531
27089
11226543
58
17
42
356
50
125
2604
33
5731
2847
142
366
3195
-1
415
9599
1186
59
86
3619588
47
156
90
-1
1099
764442
396471
197915
49792
9917
364
1181481
-1
-1
17
392
78
86
5417
18330751
1330
2439
44
187
59
103
102
216
1210
379
1637
560
178759
338
-1
14879
1758750
45184953
4
2
6
3
1
0
1
0
10
4
8
1
2
2
2
4
1
2
1
18
5
7
33
7
374
113
223
13425
139
2918
213
748
27
62
1099
174
142
31843
1338
42
33
219
2042
53340
38302
2875
2896
117360
387027
2251421
15078
216
203
-1
29357
118
419
216
5788
4230294
1073
2859
20
51
62496
6738
137
234
204
135
24
24
77
52
38
56
101
28
20
28
38080
14343
1378
111291
3491
26956
73317
142512970
75
3691
4078
15833
3551
16
673
9035
11
312
298
295
3
82
386
1062
461
4550
7053220
3674
65
1015
1085
1573
35
236
414
401
7017
74929
507016
1878
2900
1351
19225914
123
693
-1
5348394
3273391
1142
193
5348394
-1
-1
87
5348394
-1
-1
8
5348394
51
76
112
141
927
858828850
116
157635966
3268770
164
93422743
11155
11155
4601
2628
51
-1
-1
-1
-1
-1
-1
-1
-1
71420770
124
46
592
304
75
39152674
-1
-1
-1
-1
-1
-1
-1
-1
-1
9695123
107
77
235
329
381
166
1202
157968
70
186
1029
-1
-1
-1
-1
-1
-1
898730
33430
907
-1
-1
1074
571574
2
1
12
6
18
-1
2227
32643172
801143
3152
63896774
1252
1314988
150708971
367945414
554
13167117
4303766
3322002
-1
-1
-1
-1
1740
29
299
113
591
21
8
173
1168
222
-1
165
196
196
740
3327
12431
13566
-1
170
-1
29
-1
-1
-1
-1
-1
-1
-1
-1
-1
-1
-1
-1
-1
-1
-1
-1
-1
-1
-1
-1
-1
-1
-1
-1
-1
-1
-1
95
45384
506043
6067
338218
2617
2742
5052
-1
766
947
11894
2322
947
3159
105
-1
13
-1
-1
191
142211605
2203
1020
11516680
16
36
13
28
140
306
176
224
1327
1402
287
516
55826710
128
5528
4170
224124
669
591
44
101279698
985
3688321
13594365
9763749
1963607
1442
8
21201449
2614622
34244880
-1
518
888
-1
12
6887
31
62
-1
-1
100295
1729
1394
121
2893
22026
1862
1160
1862
689
178142
-1
-1
-1
-1
-1
-1
-1
-1
178142
1665
1665
45
801
-1
1665
8569
1454
815
29
473992
184451
27
976
976
40
156
22
20
37
39
55
109
-1
4924123
15
71
146
5
332
102
255
-1
2
914845
2466
2
-1
3044
-1
1604
19379
1230
2252
1491
1146
11295
2084
5864
567578
240
169
66
580
35
240
184846860
71916
34244880
451033
1442
756
3688321
41579
613
71916
9763749
141
3273
847
630
1
4077
523
82
285
206
476
621
285
693
82
44565
50
6641
373
49180370
71
3534
6373
52
247
-1
-1
-1
52
9044
316
-1
730117
434222
30085
17611039
1141708
13256427
40
653943
2913
857
857
250
1106842880
2814452
31675519
311
59742033
110176420
31675519
5994
5994
-1
-1
-1
5994
1069
-1
-1
-1
-1
-1
-1
-1
-1
-1
47
-1
146
-1
3761
59
-1
42
82
9
-1
-1
-1
-1
234
951
-1
-1
171
2
-1
855
-1
-1
-1
-1
1509
-1
51
3
281
-1
-1
435
-1
-1
15
47
-1
-1
-1
16
-1
-1
320
23
-1
-1
-1
1091
-1
-1
-1
42
-1
-1
-1
67
3
1509
67
37
1650
788
96
119
329
453
453
453
-1
-1
48
-1
65
475
-1
-1
37
911
50
1167
199
1854
1416
159
12180
158
140
422
72
160
158
64
76
-1
34
423
647
111756
15804
36
42195893
718
1425
19158005
129
9217
1487
1487
1487
1487
2127
184846860
-1
115149078
3752423
-1
5941025
3094930
23367
6146069
-1
352614286
377
2720
2720
-1
1301
-1
1691
-1
64285
-1
-1
436
-1
2736
1425
745
3867
521
262
521
249
521
521
700
127
5647
1034
521
59
355
-1
-1
62
-1
358
258
83191261
13
43
-1
7769112
17595666
929133
523
284
17983938
56729874
152
13698545
238
9323474
743788
158553
28
587
218
130
255
-1
717
60
413
135
1479
332116
1479
1180
550
1337
4864
3314
3334
8194
35319
27558
14705
158391
-1
-1
-1
-1
-1
271
1937
-1
-1
262
53
95
19
111
202756
647
991220
530
12
31
-1
23045503
95
4190
69
282
887
11491
148
1278
887
8
907
4926
18
15791
257922
292783
4
124212
292783
24
124212
315087
221
8205
43474
19111
1334
4986
1269
3490
4149
20419
4362
2448
7056
22
342442116
204
776934
6121
2013
324919
18
38052
151948
753
753
753
-1
-1
113
76
3659
75
24
1153
121
218
184
-1
-1
50
112
-1
6835
18202
59890
14040
20956
15247
5286
18150
3590
53904
1213
6421485
85
7
118843913
748
144
1007
150
814
-1
606
239
190
270
378
566
274
385
-1
-1
241
2852
-1
19536
19044
6424
6942
69
2769
2398
49180370
13361
26841503
3857
3
2106064
153
-1
21
4
13361
338
209
548
642
6
13
3
10514
28
120473822
77600483
5
798295822
19
21358212
19
5518576
14
54
-1
168
103
190174
8
247
58656532
152
-1
1309545
371
14304986
128
-1
2854
59484
1629
187
538
32
31
18681
17
11584
18667
45264
565
964425726
12
5912
18681
44
80
30
23618
34
27558
327
6669
27340
7
-1
1694
4232044
-1
7567
-1
152258
-1
66
13
654
6916
412
752672
1
-1
1787077
124591
771096
-1
36311
107773
399
-1
311
-1
18975590
326
29798602
184
20801592
-1
946686
363
-1
2263816
905
728620
-1
66635
13698554
43498
-1
3360457
7544
2056
66341
726
419
2208544
873674
-1
11975076
79800
-1
2561527
-1
1571280
9
14
25
30
50
296
24
28
86
60
4609
2403
3572
123407
4609
68477
4609
63038965
193395
107
11256
291
4609
9933815
3209125
8313471
68
1384
472
49
-1
1996
1367
241
3
241
241
241
241
22687
6216528
3459
8
233
9266409
103317996
18
241
227211
7336908
725346780
4468608
-1
-1
-1
339291
262
9445232
10181632
40732
40902
33164
156449
80277
30360
5979
-1
-1
114196376
1875
101
2240
1038283
3568
2
1156
23237719
133
1338
3307
78
7949715
218
27
2508922
13296689
61
223
-1
224646
446
623
6589
4
31
-1
43
113
884
50
1519
19
87
31
156
127
262
358
2832
26
0
6
3281
3288
8103
13
50620
3
182
304357
50620
-1
120
92
119
54
324
67
1283
348
269
172
532
4386
654
1273
734
10042
1381
121559
124
-1
25240
149
197915
79
402
3090
95
-1
22
-1
148
1400
103411648
35
1173
114
211
323
941
1498035
1204
415373
80
6036
60
-1
-1
100830
398
1800
261
25
1332
-1
32844592
403037374
4355
-1
-1
24621293
20163
163
7093752
980638
15188056
35
3100
78
196
3608239
-1
2137
384
2788459
1970
131
-1
-1
-1
7127
-1
-1
-1
821543996
17691925
3038
-1
620
13698554
726
-1
4742
-1
307
347752
-1
15
1779
1225
425
1163
1215
1215
-1
806
300
800
-1
8
1443
20642
192
46
79
413
1198
6027
155
1019
53
37
1018
59
59
-1
145
3135
157
155
8513
12613299
4
-1
-1
-1
145
-1
-1
385
707
-1
-1
-1
-1
-1
-1
-1
-1
119
3133646
27
123205
55699
-1
255
1389
113
326737
24275
155
37
17
155
-1
477
-1
-1
-1
-1
-1
-1
-1
-1
-1
-1
-1
-1
-1
-1
-1
-1
127595
6867
83242664
38533
494
201
182
661879
-1
-1
-1
-1
108
20
1033
-1
-1
711
-1
-1
1073
1952
1703
1952
556
-1
4300
760
760
13581959
864084561
36557
394
1613009405
394
74
51
130
21
47
46
47
1186
1186
8087593
58
914
44
13650
-1
200829725
19332
6069719
1984
49722289
715041
767842
-1
146131
57888
25733
115
-1
149
174260
62185
5002
51380
10011053
7025731
358
174
149
5359
4921607
2457
1855
260
143
2957
20636401
-1
986
310256
11135
45
389
60878
2119512
366
-1
-1
349941
-1
2521
4395314
5677
-1
-1
25603
9638
8682
568
113
-1
3171
-1
1428710
-1
3286
33578912
261206
49
12120
2220863
21182331
30518460
-1
47909339
463
1509
747
91295
315347
90
19395489
156
95
32193
-1
28
357
35
187
550
0
-1
0
550
4
71
1834724
406
43498
57440
767
5410
5146
952447
345
30079
943
1715
5341228
1953
5455
463073
3268789
45984222
71413
1886
899
1536
1843
6207
-1
354
1972
1482442
315
-1
861432
16792
-1
108520
-1
315
63
1023
6263
40
40
611538
45797242
1703
15462
1101590
25
45
333
122415705
304
15
-1
18712
3482
12138
790
384
640
22675
12496
3612
295
62323
-1
6570790
316
-1
83
88
167
-1
3676
4524
2623
15100
-1
48340
1175
230
18193
1175
391
3676
995
230
230
200
65425
186
262364703
493295069
-1
-1
8178
1758
194
186
14054
-1
207740
222559
-1
-1
328383
542119
4859
689
92
8280
2434
-1
323
3234
-1
-1
979
353
314
2626
2326
25531
21709095
1082
2104
30
13839
-1
10387
2005
78
-1
3074
-1
-1
-1
-1
-1
3074
10387
-1
2317
549
307201
17
9050
6504
28756934
62
283
3765279
3791
53705446
-1
105121664
22839417
1751
1522787
575
-1
234
169
362
24718
703
239
6904494
-1
8230892
7016024
1224082
-1
-1
6352443
10941584
2335490
921
246
1275
504
43
16776
79
18232239
-1
18232239
1711160
391255
5604
122068727
21795443
2482
375
820
20026
56
477
129
91
50
-1
4281196
740391
4871
-1
3116
5
559638
277403
20
1826026
70
55379
60
-1
88
-1
-1
1366
58
1240
6627
831
760
52
8275
1707
63338
1658
30599
1446
393590
2434
127
20037
211
3939
3724
2023
1753
2994
3047
8670
8335
53
26
3327
9
3147
38
1
6
328
3
1
-1
132
260856
2054
2225712
390
-1
3446816
-1
-1
-1
38
-1
840
682
260
8344683
64
-1
2881
290
992
3703465
145
351
329
436940
-1
-1
-1
25
-1
1290
-1
-1
-1
-1
3138
5566
3786
7869
37947
3416
1159
10469
5286
14040
772403
123
5963914
28249
2051554
375
206
1056023
217
1413
16344
1442
3703541
162
11318
205
-1
315
37559
337
1072
1723838
222
-1
221704
360
128
1072
-1
-1
-1
-1
-1
40
401
105501408
-1
-1
4874
5413
7250
1520560
518
1337
1337
1163
126536
1337
19
472369
52
28
190550
-1
52
39377
6243886
580
13543024
281
1356
1359
155
134
2053
2
14063
7136
1
10996241
167
209
248
8477
91
43352
183
445376
-1
80756
257745
20349
1168
3608
3985
2103
425
425
4
11
6
5
36
2
5
3
2
4
2
9
5
4
4
2
3
2
2
5
4
7
69
4
6
94
10
3
6
1
20
27
1
2
15
2
5
35
4
5
7
7
10
8
6
6
9
213
6
10
13
12
12
17
22
12
5
13
29
21
10
10
6
18
11
2
5
2
6
9
11
7
8
21
9
8
3
11
14
5
1
9
1
5
5
2
1
6
8
7
2
12
19
5
4
1
75
13
5
68
9
21
19
133
47
54
50
69
158
11079286
189004
25685400
2555866
66118
156416
1591155
-1
66118
-1
414
-1
98742
-1
1507
5537
34886
45929
4495918
17004
1956
-1
113889
21248
3944
30197
57694
180
180
1479
51466065
6829
1032477
115
7108661
664
10139829
9026407
-1
136
9026407
9026407
1466753
1511
-1
63799
63799
3322
28282
5590
697
319
721
865
211
275463
2687
198010
-1
15872258
3164
-1
-1
-1
330
-1
141
-1
2882455
-1
50
50
-1
-1
8
1666
15735
59416
21079
19497
1643
-1
9439
73
-1
87
818
307
12841
401
9900736
11141
1570
5174
83
171
4
47
161
95
852
2145
4
3190
-1
-1
-1
-1
-1
55
841033
417598
5817
10690
762
509
3276394
310895
832396
55
34982
788
8
0
3
108
1
6
16
0
2
3
81
2176
1197
1139
886
27
2644
920696
159
837
11288
186
7807
-1
3423
56
65
225
101
-1
-1
296
324
558
-1
1
2244
225
1374
105
141
950
477
51
-1
147
-1
1374
108
2288
268
2288
100
50
57
147
80
2288
2288
52
239
1206
18892
5792
2936
1190
10560
3137
1179
2677
6066
3036
710
374
79
178
14864
-1
-1
-1
-1
18848784
16366764
5912516
-1
-1
-1
13692016
-1
1053215
-1
-1
-1
-1
-1
-1
16423027
29
33
55
57
57
2253560
414
-1
56389
2373
56389
279
80681
46995
-1
63
-1
127
63
80681
2373
9026407
108
-1
80681
80681
-1
-1
-1
21
-1
614
-1
-1
21
-1
899960
738940325
39437
42184
5002
899960
-1
42535040
11356
-1
472257
78623092
556710
74
575
-1
674252
-1
30325582
11011
10845413
244
5151817
556710
74
220555689
-1
216378
-1
30325582
339696
15112232
-1
116360
880
672
-1
2170
-1
158
4448
45
6479702
740
12112510
3416611
2
2703
2719
3394
2693
-1
-1
-1
-1
-1
6
15863
2277
146
1591
2336923
38
350
93
1523
886
801
2077
8
47
99238
48876
10
22
134
74
2445
5
3
224
1753
1
215
144
1
0
1
1
0
10
12
11
6
3
10893
4
822
931
2
0
0
53624
50
35
1211
190474
1449
337
25
1834
45
1438
288
540
1055
1722
142
842
10
3
5
5
3
13
6
4
1892
3
4
6
353
2749
46
281634
209104
140581
1297065
4169234
50354
-1
-1
38145784
278
151
221
90
221
541
304
44
227
645
4403
61
739
-1
472
61
131864
90
8
29917
-1
73
48326589
-1
17233
38005
1394
-1
2
30
136
73
-1
73535
-1
4678547
27651
40
1414
-1
915
283
998
3417
16
27651
17
230
524
-1
381
1006
851
160
803
331
-1
1242
24
18
23
22
1037
15
14
2415
17
200
1744
16
14
24
282
230511
6
35
19
-1
-1
647
-1
64
8
5
2
3
1
3
1
4
26
44
22
18
9
23
23
10
29
7
5
998
12
-1
191
8
29
7
4
9
5
7
4
104
8
7
110
26
41
51
12
27
144
101
18
28
53
49
42
50
107973
77
8926160
1506
314
1201384
17983967
1149
1149
591090
175865554
42259
314
11
38
15
42
36
37
406
14
34
-1
18
32
14
20
6
11
50
7
72
-1
-1
92
-1
532
14
455
293
450
2157
499
921
197
251
22668
127
-1
146
173998
213
1963
161
12066
850
106
-1
993
6428
207
-1
176306252
123792
693959
4648867
4697663
187
-1
648
321
24
2829
1855
5568
1969
9181
630
2552
1952
1963
2047
1899
3448
19413
33387
7070
-1
-1
106
193
402
148
220
971
223
199
936
56
164
6
460
27
4
20
40
5
3
6
16
4
4
1456
3066
718
899
642
1704
1806
30
9022
542
11580
4010
547
10766
958
636
9022
33
-1
-1
-1
-1
1752
-1
705
-1
-1
-1
643
329
425
-1
-1
15213
1471
532109
23677486
32324
356680385
86887
114
9356
-1
83399
427
4367
-1
23
23
23
23
23
23
23
23
23
23
13
23
14
11
14
17
8
8
13
254
-1
7
4
4
7
32
-1
3293
-1
-1
271
4141
3574
1712
519
1026
77
88925
198879
1
-1
-1
91
-1
57217
1200
733748
19333010
-1
16115
-1
510
16115
5087
-1
133810
-1
3669909
111471593
1495
8054835
1476460
8298
-1
-1
2104812
3575
38495454
23066127
-1
18544785
56
21883488
716093
6507
-1
2236886
148
154067941
-1
3000
-1
80797
840933
212
116
94
847
224
2281172
-1
67
190
40
1278
157
194
43
83
-1
87
25
114
22
15
-1
-1
-1
-1
253
423
1409
2363
1656
1023
5671
269410731
124065
16210672
2970
44903
1016416681
545994
-1
720118
2114
63638
8388985
315667
11011414
51051914
287
30108015
39378
-1
317
852
1547
5246798
5246798
5246798
5246798
225375
270
621
93
8266
6292
43026
1733
108677
1578
6600
1847
3000
2317
1529
1699
1699
33
38
46
363
14
199
6
124
328
156
607
102
1722
29
84
42
2432
51
74
49
77
544
2207
33488
20085
455
111
181
49065
13
-1
3698023
134530
51817
1339
-1
6255591
445
-1
1804
387
180
750
750
505
245
2178
4152
1661
82
2224
24344
770
5446
2185
104
394
-1
-1
2153
62
-1
-1
69
32
357
1583
509
140
527
1919
210
2105
-1
27
-1
93
64
8380
7851902
1081909
1006
325
640008
153364
143
7728
209321
3737
1333
190
542
623
8886
3193
4274289
263
795
-1
-1
795
27138369
1250
1281
733
8139
153265
14707
117308
-1
169
10026
-1
-1
9626
9626
9626
100
222
71
142
52
461
61755127
5
250
256
47
369
216
15
337
3930129
97
12
2
1511
2660
26
79
46
29
578
11
793
-1
20890
55
12126
82133
2872
-1
422
-1
1784
54909
5620
46
443
150
120
139943
445
618151
18
53
2795
37
13872
1658
1759610
1
-1
401
64375212
124
180
21
-1
41
107
136
456
367
-1
-1
367
3843
144
4522
20314
2824
317071
5329
200587
67
-1
338
27921943
-1
56057088
-1
-1
5115
-1
11182
60
1216
-1
-1
-1
11159936
5869
111234
107
17
16
391951382
3674
15
188
139
203
309
76260848
164
284
241
5361
295
552941
226
146691
62425
2062
2062
12928008
-1
-1
137
-1
-1
157250
1552933
196463
1156772
4047383
0
194858
24
44049
611
545987
112438
47347291
14181243
255
-1
-1
-1
-1
-1
-1
-1
-1
-1
-1
-1
-1
768
-1
608
572
183131
901
321360
2352
762
176
11033692
1611045
9148
2815652
366
12928008
11978
330222
8131
29
9650
1341047
62695
27789
9075
49
12028
1473
65290
4796592
121
940
655
-1
97
105471
19488225
-1
832
789
10717
102
57
102
-1
1991
6283
552
5071
141
-1
