10475
60614
551
858
-1
-1
52
418
428
18619
121356
400477
66
1188
489
-1
646
2363
8792
472
263
36859
2681
-1
2681
92
-1
-1
24
-1
15
3839
-1
-1
-1
-1
-1
212415377
13170
10115021
1607920
49
140482
16908
392278
238088
35400593
33091153
265334
180
177301652
368
201490
592574
98
-1
-1
-1
-1
-1
-1
-1
7059
112691
1964
1174
379
4541
5551
26878
2586
47915
3714
4678
4275
3857
3873
127
47664
1067
1277
5760
2623
43182
104896
790
943
700
2337
96
130
98
949
167
36
1691
33258
87
1559
199
184
-1
5095
21
13
15
771864
1756
482
1
5
17
12
1
9
9
673
539
369
5
11
22
512
478107
48137
26034
2426
120
15445
22094025
87130
3432357
-1
1014
955
528486
143
616002
111
-1
8482
22442
-1
-1
12101259
-1
8678
51
155
14
1471
44
26
99
47
62
72
9
43
17
1081
327
30
1394
681
4538
58
226
202
1298
434004
532
128
43510
-1
3258030
66
296
77722
-1
-1
8937
-1
245
-1
-1
9
702
255
-1
536
16679
3793
14027
32143563
55
55
92265
2429
90670
6007
444157
30943
3942
40723
25056
10773
2823199
7372
31251
2627
34853
196658
9835
2823199
2823199
-1
-1
-1
943
186
186
399981
274
214
609
10770
232
90
55172012
24
4231849
2206573
-1
559
73
-1
-1
2722
192431
-1
483730555
98581
160247214
-1
-1
980
8
-1
-1
126688618
46013
825391
825391
452
6202168
141
0
0
-1
2
126688618
0
1
1
198
344
6151881
29472904
169084798
246
266283
9763
138
138
-1
593
12
286
617341
9025
655826786
-1
-1
-1
-1
-1
-1
-1
825391
27729
48302
1193876
-1
1204188
2335
12732
14
-1
54636602
-1
6088567
-1
0
268168
818325
577839147
-1
516
-1
-1
-1
128
11909
1492
225
187
797
6027
105
149
123
75
177
1196
321
234
214
868
-1
234
107
1694
107
11536
1948
220972
1125
5029292
171
98
94
18745411
84292
-1
1230
87071
40485
476
-1
76145
194
-1
-1
-1
613
2216
1260
28
982
-1
949
4570
5749
346
346
346
1042
261
893747
145
346
346
-1
49370208
267
5
2309
44792658
59286
2413169
25650576
-1
51125
282112
183930735
148
823
290459836
888
110527600
20133764
744
37041
1052
867
281
266
50973
181881
1784
-1
-1
72
9005
21
195
25
10665
32
55
20
-1
11515955
3011040
2233646
-1
2233646
-1
11515955
12679676
11515955
1900
11515955
1010
11515955
1333830
2233646
-1
2233646
148
337199
11353940
1695874
2249501
1695874
484154223
1695874
-1
1695874
65
11515955
30125260
2233646
930333
11515955
-1
1695874
872730
2233646
-1
24987173
-1
-1
27476976
10006621
1113
2663
30
108
278
1914941090
105327552
15904
-1
90
2055
2856
-1
264
745
56
-1
6787
2987
811
3793
-1
-1
2571
97
113
113
19918
74
3169
44
4168687
3726
124943
3726
1241
7104
7590
160
781
213
126480
-1
-1
1356
-1
-1
126480
3582
-1
286
50100257
43498
43498
43498
9238082
9238082
43498
43498
43498
43498
9238082
285
24346
401683
212102
1547264
139685
53037
401062
214896
363159
133262
1271
737
6004211
4426
848
1679
266
21502
255
1419
16
-1
440
186
76
1388
4
9
331
128
12
605
53
-1
-1
-1
-1
164
-1
-1
47
574
-1
-1
-1
-1
-1
1186
1186
34
755
214
63
157
57
-1
1513750
23729
1211
2757789
267
1023
1674
138
17
6
10
15
15
46
30
21
13
19
2088
41
6
18
11
23
22
41
39
55
2088
8
11
1053
4426
887
21
15005
690
2316
634
263
10252
50
39441
541
146
597
2803
1971
134
102632
5523
94493
11629
183051
3420
3330
572
914
224
412
6795
257200
1898
65
7929227
2441657
17
215
1208
1453531
23
527
52490
106
26
129
1185
19008
19008
845
26
18415183
1291
1337
744
1878
93
10233156
123826591
515
4409
3032
11
5
496
11
7
8
8
11
2
28
4
7
5
22177
38
15
40312
40312
463
144674
4173
67424268
156
53
3569241
553583
8111262
6677
15
769099
15963926
108
343851556
12600
3462
-1
-1
-1
21
-1
-1
-1
-1
-1
1160884
-1
-1
-1
-1
52404
12209
28
31
123826591
1883
101642
23
51688
137968
11432
591
1337
-1
25
84
81
-1
2158
1872
-1
-1
91
309
359
-1
717
5203
54727
308
4208
3473972
4339960
1851
12513
1005829
14701
97
957
339
938860
-1
4035
193
402
40481
54727
37365042
-1
197
197
1749
197
49
1749
31
-1
2469
197
119933
31348
24922
128414
531735
371573
4049329
225891
2489
377373
17
1338478
9655220
9129
12846
3266
203
12846
195
120
575
712
1290
575
505
20636
592380
95
2275
330
2275
2275
269
1290
167
-1
-1
167
167
18
70592
71
6621
-1
8
636
1668
95
-1
49
1361
-1
19249
40481
19249
64929153
-1
-1
-1
-1
-1
3002
-1
-1
-1
-1
363
363
363
6796565
11315572
427
-1
9318038
2704
2704
75041370
180
15633768
9940
62
5063
35591
20
7439
190925
7140
10026
791
4866
6727
4537
7108193
51771
51771
732
51771
51771
51771
400
19211
556
805919
51771
2761
794
305
598858
5881
3998
4437
2056
-1
-1
693
1016
693
99
1017
1075
793
607
350
439
612
62
97
642949
107
107
199332
432
716
599058
768
53476
1086
969
1521
9365
716
4
7
161
138
3199
1784
559017
2912
559017
-1
642949
32969620
1367
4395263
559017
559017
100399
3
42
884
1040
2
3
325
1160
120
-1
1189
1191
1
4
1
909
26
404873
2202
464
44
604
-1
15889
1222
-1
-1
806
806
10
0
1
20
106
1
19
19
4
3
2
507
3046
165
57
131
33
122
533
263
325
306
24
400
400
53322961
293381
51771
102
14358
102
400
133
34
2
476
-1
5611
856
461459
235
803
46
441
1741
46
803
235
803
15434
707784
-1
17554326
1387
120662
1292233168
199
732228
732228
733
6148188
20249438
9
11060310
17554326
439
227
640
14142
21251
785
105
289
16386161
21066
-1
692
230
129596
370
731312
70727535
4227436
25003
70727535
7926397
-1
122428667
12059560
287
83670292
25384237
17478785
2304417
477707
2345717
4533781
989
17416
32517977
152238
73205
2763990
498
102933
150088643
1680
73487
2486506
317337
5239
626
109217
10635
312749
6552878
2222
3909987
933
133
284
91
-1
19
2432
23
194
73
97
40877135
984
-1
-1
-1
-1
171
-1
-1
51819
511
2012
33
-1
23486839
134
3682
5214691
4736
35163
35436
1093931
7853
342123478
5422
241
5422
5422
5422
1124
2720
168
-1
83
-1
-1
56
140402
76171316
2284
2277802
17802
2600007
505519
1870
0
131
68
160177
151
5
16584490
5269435
25994
132
24394810
-1
20611
65673
-1
243776
5593
93173
2464560
74102
9586
31234722
1827489
8118
9479863
81
200
5159547
259
516
3334
2941
41131
110059
23196
9281
1144
418
165333140
234
117
90
-1
2
-1
16596
-1
8533
-1
426
-1
7554
179
7621350
61
200
-1
897605
1304
6266
20
30
1
16
11
7
88
3
890
1133
11603
4736
2
17
11
80
234
12
13
1599
10019
947
545
200645
390
199540
703725
50
94
188
57
2234
42
198
610
533
32
30
74
2
-1
1144
76
2071
83
651
117
141
51033
254
110
16273
30663
5
32
151
10462860
673
374
16273
119
16273
134
14423
112
16273
116
152
110
1858
128
124
103
10462860
370
10462860
99
443
382
443
-1
239
351
2714
8840
570
-1
213
15497
15562
15562
182
-1
76
15562
14599
37450
41
39
223
40
11
15562
15562
15562
236
37450
227
1165
140
46
59732087
-1
-1
1368274
14
703
6605
214
23509460
1025851960
29
-1
1368274
-1
59732087
115
156
354
284
10720
304
53
155722
6939
59732087
846
30490632
2108
2300142
206
52
-1
-1
-1
1317
159
206
721
1552
11560437
12
-1
159732
1390096
-1
4472102
5135
656
113122212
-1
5914
454576
75
1218091
11
101
0
1810311
41
726
726
726
91
182
31
119
107
102
46
26
7462
216
13786313
94
1604
298862472
314672
38
65389
17
78
183
34143
9738
13335
13335
-1
14
18
113
9444775
1339
10010926
2
63428
1507
10
4
19
37
3
22
2349
49
213
1147
-1
50
159
-1
475
-1
-1
556353
2887304
438387678
2933
29788027
96298
2056
23828567
438387678
65
2410
978657
2197321
41
28
52
801
801
801
43
801
801
31
1201
1824
1716
63
1201
72937
1143
1561
25162793
438
127
185
470
431
49
86
55
132
9324
2255
150507
100
163
22788128
49
11127187
163
758
260193
4590
229
669
31576
260193
418691443
1704
425621
84
455362
575
435
408274957
68709
250
283
114
-1
26
-1
63420167
-1
-1
1000247
-1
-1
786
338
135236
153
-1
99
2282654
67
-1
-1
63420167
331
-1
565
-1
27651
10
2446
241
85
81
1430
1406
875
173
-1
38
419
10363
313
-1
-1
157398049
2912415
187
47734
2342
2561531
8588
37
57809540
127979
10
331
1
53060
8
139717
965492
51
-1
383
461705
467231
88
21280
103
1440
12128
122
426
8014
528
160
358
52
340
2
771
57872
313657
35407781
14162
49778
48730
304
36
15
2211
40313
86973
723
595
668
51
63491
380
45
112635
3983
-1
102074
724
-1
32
33
58
85957
14821
43
18634
21529
-1
16
-1
4430
43
448
-1
-1
925
-1
925
-1
6993
67
-1
195
55
17
746752
20
9479863
3
20
10
34
19
8573
15
12
10
12
13
24
37
54
22
22
11
8
2
8573
8573
17
22
44
20
13
23
19
184
26
22
10
23
22
1631831
3560
1704495
3527
137
1234
-1
578
5162468
362
-1
47663
2063
-1
8
7046
75
7190
21
163
16
1300
498410
4896
-1
5337862
16899
21
-1
5337862
-1
-1
-1
-1
328
-1
26906602
-1
3155
168800
10790
15111935
62216
782
-1
11380
1361
5337862
-1
22460
150
2579
-1
-1
-1
-1
-1
-1
1614
1596
1175
566
1044
1044
-1
4122
500
409
24
1315
49258
4825
84781
7562
29077
684
169
65532
88
42552
929
5
142
11162
117
1373
48
33
129
258
47235498
1268
44
-1
321
28450
84147
453
27408441
21024
370
-1
241
85883
20744
3326
151164
813
1955
1198
1261
881
2019969
704
47
47
420612
317
9175687
270
111662
9
210
997
173
4232137
-1
13
773
151
151
242
13022
13022
13022
355
1412
690
2145
1299
115
109
113
38424
161
-1
-1
-1
-1
29
615
1250
5641
5641
593
13009
-1
1924
7621
1475
1924
-1
7621
109
848
105
2166
360892890
147838
1235322006
6838
6527093
8543682
5167529
552
-1
1699358
45
3357103
79
32500
171
-1
2241726
-1
-1
42
102
4980
1163086
4759
39741876
150
30
4759
3239
2606
737
53822910
-1
1877
1943
152
62832
20581
189
156
-1
286
1767
45
492
564819
288
57666
166
-1
468
125
588
798
170
37994
33
65
21497
59
8096185
23
449036
3285821
36559
104058
2124
198
44
102
70
2460
205
3663
127
314155
-1
412
-1
33
-1
118
10475
45
65
1818
-1
63
168
1818
-1
46
-1
859826
7848927
6991147
6991147
6637
191
210
250
108
147
62034
143
834
29273
2470
287
1753
1489
3856
619
4182
6110381
391
3277
25430
90
31888
21679
4121
31888
4121
157
3851
5172
1799
1399
359
3851
1823
10971
10716551
84
483
14821
923
2401350
4529963
1918
642
5633
6487
23845
3712
197
521
2610
22
1394
648
18506
40576
2666
3930
4392
18506
1048
45037
1048
1196
6204
1104
1317
2376
273234
1362
386
291
634
3578
46544
848
78637
4209
2481
293
-1
216
397
139282
45264
6142
20488
264
7619
3482
344
342
7867
2017
22568
22013
235
251
-1
204
12411
268
118
157
339
5158
29048
3055
72
5168
858
164976
4997
23379
492
-1
945
2964
15756605
1766
3364
674
1
0
9
4539
5476155
293
940
512
1195
10539
1459
8128
79
946
2571
365
185
14549
106
4047
225848
530
293
735
163
-1
-1
549
-1
-1
-1
735
-1
-1
2201
-1
3279
41
32076
3067
763
3752
235
51908
94
269
3237
287
372
34919
10539
530
1035
1035
1035
1035
1035
58
-1
218
103
26906688
-1
5720
9175687
12431
-1
2231
16899
-1
-1
-1
139
566
136
168
-1
-1
-1
247
19554342
56799
117
103
1488
2766
1829
1302
7800
1462
7800
2766
1829
1829
1829
2393
1861
2766
1829
1462
1302
7452
20
-1
2766
13903
12711
246
232
6293314
10
5
7
2
1
10
4
5
149880
-1
24943
96803
-1
1324
670623
2206024
1885260
5224
1324
6674
1324
60
29404516
1294
-1
-1
1579
-1
1019
-1
2386
-1
561
1236
2521
288
13697712
1594
3684
933298
-1
2217
68475
-1
-1
19379
613
210026
1534
-1
257
-1
-1
-1
2733858
-1
13446
64422
2401379
4699
285
388
-1
-1
-1
76
336
647329
571672
172456
-1
-1
27207478
-1
-1
-1
-1
54007
387423435
-1
-1
-1
-1
326532
3890
191
8366226
3116
27
250
95
1019
981
-1
-1
296
-1
-1
30
35759
6841
265
226
88
451
-1
717
15966
5
-1
225
8
1218540
20335
3893696
-1
-1
-1
17254507
458934
4093
21
-1
-1
-1
-1
4986
-1
2108
-1
-1
-1
-1
35
422
-1
-1
2499
39
-1
50
2645519
31
56
3178
2071
136
81193
8419
747590
16622
-1
407899
1739
467
63745
4595
2969
1047
1486
165
11116375
-1
-1
23286455
-1
131
2944
154439
5281
595
1046
262
226
7
9515098
1385
-1
-1
-1
-1
-1
134
-1
-1
-1
15
-1
-1
-1
-1
-1
-1
-1
-1
-1
56
-1
-1
-1
-1
4557
41205
14098
45025086
2168690
27
1866526
4145305
879722
199
1
9819
353
21549
16
915
12750
572613
29089330
998
998
3075
3608
-1
14
57437325
825926
2220032
1410390
3884067
-1
4187050
22468340
29
50
11456
50
4622410
351
492
1420
-1
877735
4187050
634554
8348
664519
3937
4558850
433764
22618
1390
9572546
-1
52
-1
-1
11558424
352
5236474
-1
9402
254630099
-1
92
1416
382
-1
870
-1
444
-1
-1
28776
19522
-1
1037406
113744
-1
96
-1
297820649
-1
11558424
-1
127
481
88
1023
3015692
218
-1
-1
1652
11558424
3379
3709
-1
49560
19522
5236474
1416
350
554902
87
75898468
180
-1
-1
13799
14853
193
3825
298153
35619
1879
1070
5273
13452
19086
972
23883
5751818
404
76
1251
17462
-1
1251
3801518161
6224416
-1
-1
-1
-1
-1
-1
-1
-1
1198
405
1287
171
14319
772
454
31025
31025
134
6190
3304
2482
434115
388
-1
-1
278
3014
6190
-1
13621435
1468
19
1963
-1
113
3304
961
80
194
362
150
-1
-1
-1
-1
1
4337
13634951
361
24852362
-1
-1
-1
49
9
163
134
21527
6724700
70724
226
32
107456
245
1148
6416610
974
490
81
-1
4
150
9923
-1
149
15425801
72660958
629
2194025
92235103
3107
2173404
116
27
807
775
467
84
34007
4612
33857
1635
1051
2322
12828
421
385
-1
51
10201
-1
54676
23
47
6
165717097
25988
1882046
58
2740
6052
133
286795
17796004
83
-1
-1
118
6107186
82812
991726
266817
12
7121
3117
-1
678406
805
95
38
1452
345
-1
36
767
-1
-1
-1
206
-1
461
8010
-1
133
199
24
7228
201
801
4965372
2083
7407
74
20408
60359469
-1
472
9129032
1446
780
780
3981
-1
780
3166
1292235147
215
-1
32
66626
124
10945
2170
-1
3568287
201
-1
11195158
37905032
12
-1
63
16
6887
51
331
1117
56
142
150
2993
1200
2386
7771
7491
2404
695
708
150612
142325
-1
82452506
-1
-1
-1
1539
-1
1250
2589
4236
-1
43395952
-1
13644538
5999
42857
3208
192
25
245
61869
1095
5608
2258
2845
5595
274
28982
783
19106
1199
716
3609
45275
133379
29656
77458
2590
1765
251
63
282
1670
768
265
310
310
293
94098283
8276
196
10244
42
2281
397
980
4640
14513
4019
2713
2540
1014
3747
1013
2426
249881
8393
-1
50
162
268
722
139
138
38
-1
49
150
782
-1
71
157
8628
-1
1047
1883
2205206
3765
1737
79
-1
34
45
-1
34
239
47
81
95
-1
-1
2063
409
-1
12052
-1
519
-1
-1
-1
687247
46113
-1
1593
-1
21
-1
-1
4276
269409674
1663
763
763
772895
757
1831832
392
180145143
49345
2290
9704321
3456383
473089
1741915
90922
205
363
297
89254
3402287
25
376380
263974
-1
-1
34
30497146
688
14064581
5446396
23249040
6364134
1363
3239
435
265
40976227
49
257
173
209
15991002
631
16821
515
291
61
724
6044
2174
101
112
1688
5762
1749201
-1
139835
1295
42399
-1
62000227
214861608
43881012
-1
19
1139
3967
22497
-1
19
15523
-1
-1
110618
19009
1997
3871
24232
3971
3143
13
2880
2339
4737031
221
1649
20
1208
20667193
2085260
73
1289699
573503
-1
-1
-1
-1
7350971
229
-1
100
-1
1801726
483736
146097
1619
546
5449
2921
785
253
119
3056
2112
310
81
21
63
232
45
2538
60
54
392
341
14
48
13
180
34
21
945
153674644
211
78
56240505
129
177
50
21
544
17
252730
9
64
35
-1
46
-1
46
-1
367
-1
13
-1
13
-1
1050
1034
49
-1
502
-1
20949
5820
113
70
1432
78142
61
83
3201
1990
195
2936
-1
1906
19085
4608950
5887
946
72972399
478
188
479
2494629
-1
497
3
3
3
-1
499
5335
13546
3035
34150
8636
821
2398
5271
112
821
228
-1
-1
-1
-1
618
-1
1186
-1
71082344
1479806
5495805
-1
-1
1700
47420
1700
789144
51
2394
-1
-1
-1
-1
5495805
5495805
698
5105
3068815
20849203
2712
15177
951
7829
6622
51982
53
788079168
369
53
835068
186298
127
63799
-1
2591115
6282
837539
501
1195
8268518
-1
-1
104
-1
-1
698
90918
4618880
114244
993918733
-1
114244
1993105
114244
-1
-1
-1
371
-1
88
2702
17241912
837898
894
125666
420959
10763
3581240
1538
2780
5
452
5
3557
64
258902
12437
1691
6936
2490
2490
12235
2687
2490
2490
-1
1714
18256
3689
33328
5324
12364
269419
789895
44777
2610
253
401
94
49
190
1271159897
410
136
1964
1436
27839
252
2720
148
57990
667
952
328
2828712
60
232
18052
213
2667
416
4637
82405
11942
30972589
131
789616
4207
402
409
80683
1532429
-1
409
19417
7767
3562
1585
3247
821
27762
3087
2914
2240
515
67
182
-1
743
2917
268
64
42
1610
2337668
48043
209
-1
531
3
1499
2002
14
-1
1295212
129
2061
2061
32
195978
32
20985
2061
1504
2061
1364
195978
2061
691
110
2595
137
503
879
157
756
756
1955336
47
20
13
814
1799
56259590
105327796
1427713
-1
-1
2186
3326
86
732
980
536
59
817
717106718
2035
938
214
938
5809
1398
159446822
-1
234
1129
2706
-1
-1
3466
1907
3496
211
278
1655
840
2152625
528921
792
666
34
304
912
33
527786596
581
301432
210
1445565824
59976896
122
30
32240
59976896
36564895
442406
18222477
33461331
19353530
2692
96
224
74025
18222477
135407
17512
1373
423
377
-1
56
27
205154
757
29014
1386
7132194
2148260
9262568
3155
2148260
84
21125667
210
2346853
329
2346853
311194
132277
-1
173168
432856
1067744
147224141
342144312
8162672
-1
112
574158
19427
15
-1
784
-1
318
43455
35195
586
12
-1
1588004
479
486
1090
95
81
232
876
-1
-1
111
-1
549
201
886
-1
1438
-1
59445354
128
128
-1
5913602
485822
485822
222938
189808
13
38
53
12
4
5
29725
115
761
5905
164
49752
2350
21647
-1
19002
1356
7211
45084
11704
44836
968
-1
-1
736
736
736
736
736
736
736
736
736
736
736
736
126
736
736
21533
119
736
736
736
-1
5677
2417
2160
2160
383
234
234
234
234
50
37
1911
-1
879
191
255
-1
343852919
-1
-1
-1
-1
-1
328104
1197
304
434
42
2753
34409
4099325
123
529
93157
11851
1157885
77
2812
2400
117
2516
262
0
-1
400
1057
1716
339
214
3525
49
20980
-1
-1
369474508
51
-1
3850
522080
6474
38350
2471822
6050241
38302
57450
8689
245788
131045
95
4107
2836
1142
343852919
147
3115
124
11794
3228561
-1
860
4632
56
86
830
1951
715
116
10029
1110
479
471
259
100
96
2997197
88
25121
106
151
17773
9601
47100
558
2454
1341
15862
13044
2609
2422
148564
60157
884
2669
33
537
60
24013
30864
788081963
27463584
77879
781
10088
7826
5473
72
22921
1410
87886
55584
770
215334
22921
158054
520
48254
2713902
1895
23395676
274
7493
2617547
-1
-1
2075
2002239
25017
8147365
2
165
-1
1334154
25
304811
201
4200507
22861930
16894
3899132
477
55834
22
47
7019
47
-1
3899132
18025
362
276460
184
1621988
184
174
1402
-1
-1
2067
867709
44
21
105
867709
143
137
496
43
208
80
2009
1130131
480
7202
3941
49481
55828
11766
2971
303
715290
32
238
384
-1
-1
305
-1
2019
642
4528
542
124
-1
417
-1
417
3353
71774
4322
1291
13
69017
913
464
5173
324
7711
262
4528
393
2015
425
19784
-1
1399
157
79
113
392
941
8621
52601
2759
2759
1167
2039
5956
2631
4940
-1
201
-1
545
614
584
59814
46
1089
44
1906
2275
34
572191
136
590
808
70
-1
220
197
1713
233
259
234
36
1151
-1
-1
-1
-1
4888
88577
464
3438
1561
345
16
2514
151140
8
271
-1
-1
271
-1
5660
5660
5660
5660
5660
5660
5660
5660
5660
5660
5660
25
26832
4625
10008491
5635
26770
1796
1819
-1
-1
-1
-1
-1
-1
-1
-1
-1
-1
-1
46
100
47
178
41
30
1247
290
1548557
893
152
734
-1
35334864
1088292
-1
143039405
87609
259686
132321496
1362260
1331576
63155
140616
128130
1605248
7
449
893
1066
377
98
2725
441
201
441
437
-1
1074
4781
145
5564
458934
35846283
3636264
1296
38
13495020
368807298
894547259
13031
894547259
21907421
466823
18174
136135
693
700
75925
78
21935
75427
12942
3476
9822
-1
188
89771043
5414103
2613975
6751
478106086
300821
-1
-1
-1
-1
348748
2525242
893
376
-1
449
290
183847
44459826
1525021
39646
7198
-1
25308
2299
51873
72
54296
8572
12687
42336
4223
11881
11495
4897
607
1484
19336
38
317
19336
177
52
2402
2640
419
1127
3005
2640
19846
1628
468
52746710
3106
278
375
72
204
37
738
245
6703
9081
1434
75
12389
257
2405324
2125458
98206477
29140438
884
5824
1534
16473064
4962
256
216
138
569
209
4962
-1
-1
166675
-1
-1
172467
-1
-1
-1
155
284
284
284
131
-1
284
284
284
249
31
101
47
102
68
157
236
-1
3463883
96
-1
-1
-1
-1
-1
12421
29584
12246280
-1
-1
3343
20051
7019
5264
482
5417
7379
5264
-1
5264
7379
123
432
228
785
36268
1790
725
484
909
623
782
670
340
61
36
78
180
1036
54
70
63
61
201490
-1
-1
1104774
726860204
1399236
743
8409725
53
1372
7692843
-1
29863
133
564
784
-1
1160884
130
-1
62
-1
21
-1
-1
-1
-1
1470
14
2346
199
1889515
71643
142
15284
131
142
142
3444803
1614389
519
1717568
-1
1227
-1
-1
125
5925041
998
5703
95
4433
668
265
2300
99
3001
131
13343
-1
-1
-1
-1
206
-1
86
1407
16
7
3476
192
192
192
-1
-1
192
-1
-1
-1
192
-1
192
-1
21838
910
2547
16120
15990
32035
29224
5823
-1
-1
1080
-1
99654
68
-1
-1
2134
-1
24
1633
33
33
33
33
-1
-1
-1
121960
10118714
2899817
14235311
2741350
244357
121960
274541
-1
365
193937
15600
404710
69727
84023
-1
1631594
636656
6616
18
552
285776
344080
910
6874
123676
810
58128
168
176
57
-1
1349989
73833570
226
168
1
840
146614372
3747
599
15
98
1417088
7
2298
115240977
1797
890061
17
11
-1
-1
-1
-1
31
60
51
141
-1
1380
12512616
16088132
26494012
17441340
1340
4327438
3679
997108
42948
42948
997108
42948
324
997108
-1
1042549
2369
9017
2381
298
221525
10009
666
4141915
15664247
336
-1
-1
455
617
1134
232869048
22
232869048
173
1134
1134
354
1134
-1
3893
9023
1355
12423
16795
1299
818
531
183573
424
72321802
19997316
2822902
45204
3915945
217969327
20945550
0
-1
16780
2797
171
1113
181
173807
36705886
1638
523
935
840857821
21035399
11166972
159
645
37
7894891
20264
2646
2316
-1
25
553
161
326
210
14029
146
25
24817
380
1595
5
12
6
47
7
5
1388
42
259
23828567
8159989
1075
770470
1009925898
10
189906
-1
-1
10
-1
-1
1949218
54333
55
50959999
688179
212
1074
1805967
11296140
492
30996300
220189
9286
6602
9665
5810
1326869
23083
-1
1909
13789
-1
8484
1397
1397
-1
379174
137669
379174
110
2070
-1
90214
276
8059
5540
50
72
87
335
144
381
115147638
149
104
218
10524969
15533
10712
53780
53780
386
-1
88428
1163086
114
12
1898043
4864
157
823
9617
288
105404
39
5
196
-1
271
-1
1700
-1
29169
542
108
68
108
189
91
164
514
-1
828
574
204
238
11
52
337
801
2360
-1
1394
-1
-1
6337
2283174
3515
998
1022
2346364
91
490
8205
141293794
126
2383309
345
375744
141293794
451600
-1
-1
-1
-1
-1
-1
-1
365
187
-1
4719
2598
-1
-1
-1
201490
603
-1
86660
324370
-1
725
266
2
478
24
-1
3
11731520
37759
310576
1472
51
-1
-1
-1
-1
-1
1596
-1
94
-1
292
-1
8376
279
81699986
110
325
2174283
459
780685
572
151
-1
57627
4719
571
-1
-1
13132
-1
382
327
2079
186
-1
384
33
24
51
10
5
8
4
4
9
591397
2106
2167497
390484
522756
22862
367932
-1
-1
-1
628057
14473
514
62910
173357
62569
186904
2277
6
701
6510
78
-1
52
171
333
47
40942
5
32
11
2
4
24
15
4
60
41
4
43
13
7
83
2086
1326
1186
83241080
43
1417
268
127124
841
378
4941847
874
-1
497
56
989
368
-1
8
598467
82556365
51316
828
10078
920
17
-1
60
17
-1
828
282
1968
1385
204
-1
46
22
-1
18630
4615
14224437
-1
164
-1
-1
-1
-1
-1
-1
-1
350
113
-1
-1
1869
110140
2896
2896
2896
2896
395
-1
-1
-1
-1
166063
2896
40285
662
-1
-1
-1
-1
494
3740
20103
5747692
22
13
19
32363
243621388
112
100
42483
3155
16318
112
62788
67
552
181
661
2534
2582
2169
652
264
2169
2905
-1
86
2905
8513
2175
294
294
31451
294
843
145
723
294
294
294
2905
2905
39
585
487
15
97
335
23844
770
75
105
317
916
398
703
56
32422
4
11
2099
100
11
4830
30
122
8452
20261
24
419
173
33
490
485
714
197
375
315
48
15
23
119
244
154
14
-1
5122
34
986
135
3199
25
296
50
40
122
116
2094
140682
63
2400
6293
129
43
385
96475
56
1348
85
16230
5073230
5941657
412
812353
794
63
31839
-1
-1
-1
7649708
24
71038343
35835
26
1476
622
326
19517650
1627
177890320
1009
-1
-1
37682
3
-1
-1
2609272
-1
79
5
20
2
25
12
14
15
14
10
-1
17
1225
162
108
184
-1
184
70
3211382
-1
-1
-1
-1
-1
-1
-1
-1
-1
-1
-1
-1
-1
2257
3605019
68265
29561
13
10272567
119506
194617
1414
45126
2259
1712
733
-1
40
145
115
-1
-1
53
863
84
19
219
458
419275460
253975
1599
60
12405518
86
253975
1343
1449271
296
585
348
105
65
44
-1
-1
576
-1
20
11
-1
29089
7991
41
373
123
4070
1025092
403
43
1104
-1
538
6
54416666
64929795
7
29
86565253
26
6
278128
271
866
-1
197
4795
539
52212
1524
33875
5106
3979
19339
16427
13547
1305
9653
139
1152
50
9653
19339
1077
35
24
2501
5603
109
198
171
227
197
50
97251
6
12718
3343
1057
12756
1116
294
84
85
2254
1588499
46
33
56331
2013
2697756
1314094
2818877
8022808
-1
-1
18861000
142
1065479768
-1
32980
10
-1
475
69479
14261436
53396733
396
-1
1239
189
12536
105
12536
148
114828153
174
985
13
44279098
1541
73
2899
542
8846
472
30
48
960
285
31540020
0
1
383
148
-1
-1
-1
-1
-1
-1
151065
-1
12824194
69
24668364
3534906
11685
10671
80
80
22015
1569
13251060
114193471
850714
4068
189
1696
1696
711
40
1095
141
454
18616
1684
192219
586
1861
1696
1696
-1
7
-1
65
-1
2112
583
200
3326784
119
131832
79329
79329
1109366
54234
10008491
104
867
1014
8241
59790290
3255506
145
473
210546
104220
16155
135
105
450
105
105
105
105
-1
1382094
197713
2735891
-1
674
1385
-1
-1
22278
267
83
197
121
75
197
-1
197
-1
271
7698
2401
303
3183
1107
1269
122
-1
9
32
22
683
17
28
125
423
39
284
8593
632810
87
2308
1721
-1
-1
-1
615
44057
571
615
-1
31
15
4637
114
-1
-1
801
131832
975834
1819
383
168
1143
-1
1773
338
3084
