754
1936
87392
193927
100282
201490
16960371
83059
4452
88747862
25
615
223288
1140719
83
1835
220
1911
2516
995
917
917
617
-1
177
625096451
328439
28515
55795
54
32092
163574
32092
18262
8149
64
18262
18262
18262
46
73421
73421
49980
135
-1
-1
-1
58
-1
45421
-1
-1
-1
104
89524
6119
19797
31283
21956
22546
1390
550961
510
546
946
22546
1390
893217
25
1146
442
336
169
-1
1146
1057
726
-1
186
168
168
1652
46
308
50825
37
442
691
6441
8295
359
33359668
1680
7432
42
1219
21779620
10
2
581478
367
97
89
1491
11302
927
3056
215
492
3056
1491
6175769
1491
3056
1515
1491
-1
559
1136
132
400
369362
124801635
0
111
391155503
945887
72502900
437
59855184
124801635
15987
22
31249
2906
78
71880539
124801635
222
1227351
12502131
2738
6494031
687018
124801635
658
46
19
96
78721
699974
460
674
4314171
6777234
77
50
9958588
125851
32193569
2870174
3516092
124801635
104
4126680
240
7442724
53847
71880539
10
21282
415782
49
414590
22
4589
8417
124801635
1356
30945625
369362
46365002
991
-1
25
9
74732
231218
141382
806
806
-1
-1
31
56
-1
-1
1916
-1
1553
157
56
56
-1
633
2034
519
519
971
102791
252
2030309
49553872
-1
3591
257
-1
49553872
13696603
83236875
4912
-1
176
152
294
142
152
148
4906
-1
252
81785140
-1
-1
-1
-1
-1
-1
-1
-1
-1
-1
-1
-1
-1
23686
4113
38746
9
36
1652960
5144
-1
-1
-1
22216
141713
-1
16
17335
-1
-1
-1
-1
-1
-1
-1
-1
-1
-1
-1
-1
18906
-1
-1
-1
5455
-1
20485
-1
255670
13556
-1
-1
16394
-1
-1
13556
10227
-1
44198
-1
-1
-1
44198
9759
16394
-1
-1
-1
-1
52107
-1
75
-1
11215
13556
-1
53498
-1
-1
-1
12
704
4008
6118
2155
1578
1648
1131
6957
4648
1368
141
33667955
106975
8545
1507
624
274
89
19
-1
-1
1662
-1
901
303
-1
-1
-1
-1
2865
557
2854
44
62894591
195228
2204
195
6433
48218
48218
75049246
1059
216
110698194
79
8
1563
623
5427561
11239659
21608703
168
5
103
712516
440
4554
476
1887
11043
-1
2564
2564
242
1057
4
6590
723
145
-1
681
2219
10720
465
1390
176
1397
416
258763170
376
275793
29
-1
-1
-1
-1
-1
-1
2160
-1
-1
-1
-1
-1
-1
-1
-1
-1
-1
-1
-1
-1
-1
-1
-1
-1
-1
-1
-1
-1
452
3167
21061
8146
63
63
4305
4305
-1
-1
14360
1071899
3231
3231
11223
11223
9596
9596
295861
295861
3701813
3701813
138
138
3780
122
445
709
2595036
1162
14403
4193
3034
149
701
1367
1073953
5744
7702
452828
3405
304
3162
178223
1823
82
1511
831
-1
-1
464
266
290856
4
23964
59183
3431231
150
66504938
66504938
616305
66504938
66504938
287
15120
16457
5938
6233
178
9651
36382
24131
2213
3305
2757
11664
11664
1775904
6233
20043
18998
94486
1775904
38163
9777
205
3102536
235212917
39097
7522
2755
15120
18998
3476
18998
9777
9777
3305
1398
220595
3305
39997
11664
135608
11664
9651
661
56012
541894
10502808
9156109
972379
3434956
1190
525623
1390609
1081690
48964
8404267
10502808
-1
7411375
1478
-1
4327101
11997
55553
59581954
1494
918
102615
38683
10029
63
404
7445881
326323
-1
-1
117
-1
-1
-1
7040
9580
48150
1533
4699
152
374
157236779
2061
377
347453
82810
178892176
4163
246128908
-1
6990820
244408
329482
37235
285429
733827
7680136
2910518
545944
6990820
24263
5783
59
5783
6376
-1
953670
10456
15
61347239
123
380155
5012
11751846
-1
454
436
600
412
867
-1
-1
-1
-1
-1
-1
71677
2733262
2943184
14778
18154258
99
2150
-1
163
95550
497
447
3246
1599
41312
136905
30
207
36
1259
1259
1259
91988670
269174294
1766
-1
20549653
8146
80
7198
6580653
53
6580653
1056
7198
541224
399
8146
19322095
26606
4
5193
9097
82337
2690928
8426
1537
1432
5160
8146
2800
-1
8146
-1
16802
33550
602
1953093
12053601
8146
16103
1770
223
70
92
381
1970
3825
111757
11321344
79291
4206986
1056
20549653
901
8146
100637
297
82337
232
6336
20549653
1056
739
3889
92
167
56034203
297
249
8146
8146
9324
249
249
1537
2434698
537
2711
8146
9292250
23118602
5185
23768
1342
314906
669
7068
19505107
1078102
23
91703
49266
64336
2681
602
852
22821
280672
36559
402
580652
-1
27545
-1
507055
1963
58469
931
55
28
300
44
24
1498
4052
-1
-1
853
-1
5926
1241
283
4176
227
1082202
43375873
2855784
2367800
2367800
1146
21407859
4327101
261
-1
33071
70571
87
267
267
267
267
267
267
267
14006931
829
-1
17232
238
167
86168
309
-1
798975
1908703
3834
9
9
167
439
1292064316
180
216
236870
126682801
4993
821
172543
5116882
103381
-1
1201027
3468
761034
5418
57509
14322
23970
-1
10597
445
226067706
783
83846205
226067706
25623021
25623021
8031648
226067706
226067706
226067706
139
4983
2943
4983
2541
46
46
744
4557
82
547
137
6
4551
4197
1880
1880
273821
81
277099
3801391223
623
276060
464
4666
43296
-1
208
43296
-1
6606
466
5
316
601
342
1558
2733
11
527
13
1
504
16695
160
2037
78766
136
2037
4138
431
171
-1
69
78766
-1
313
180
78766
251
375
-1
2037
-1
2159
801
-1
431
-1
3441
2037
556
-1
230
241
3441
-1
-1
2037
373
136
15059
2248
55389
125
218
2236
2548
2104611
425413
21
21
44348
35
18955
904
5482
74
22906665
7471337
23239722
10700674
119
23239722
23239722
10700674
119
23239722
-1
23239722
105249
-1
525
23239722
23239722
-1
35262
1166
2324
1155165
22
-1
238
63
63
23239722
-1
378
-1
-1
1849
2874423
200
-1
-1
-1
-1
1817
-1
6904
-1
327230
1849
-1
-1
359
-1
-1
-1
-1
-1
-1
17634
50
-1
-1
-1
17408
36534
493661
195
1589
11000
3642
2730
4702
20914745
20914745
-1
22
-1
-1
-1
20914745
-1
165
-1
283
-1
-1
143
204
-1
283
283
20914745
-1
-1
249
745737
224585
67153891
1398
1249671
-1
182
34304348
1292064316
13919814
377139
-1
25041058
34304348
-1
-1
249
1683504
12080
25177
34304348
91988670
158
8765459
3436132
4420968
2570273
-1
-1
2570273
11835
2616234
1213740
2616234
2936826
6346730
10182
137810
1292064316
154061806
474053
31052
165698
200418
1632
1632
9774
1235304216
-1
748
4
-1
742
3014
-1
3254
37893
109
54
9420
748
111
161
-1
618
156271977
-1
163
-1
27
99
2594376
206
41
96
260
370
14605
-1
4351
629
4993
24127
5919
4993
1210
2521
-1
583
-1
-1
1681
-1
-1
579300
-1
-1
-1
27841
309
-1
-1
843
165
3669
-1
928
618
291
396
27
135
1697
-1
-1
1716337
8693989
15781
1
71839
18898
22424
515225
9007742
49716
18570
172876210
41637050
3862951
284
813
-1
-1
-1
-1
11780
-1
1821991
650
-1
-1
-1
444
-1
-1
813
-1
20
-1
-1
993573
361
12
155109863
355113722
355113722
355113722
91118694
112560212
1033278
8955
2019
671
2019
3903
3903
1674
345
1674
364
3903
499
2206
32210984
268
42
2891
139
4
526
848
-1
424
302
1318
-1
2907
2709
2858
2614
2669
2649
-1
-1
83765
-1
-1
6426
3117
3117
91923054
-1
-1
-1
1454
-1
-1
402
812
2382
10249
69587
5389206
34246530
34246530
34246530
107671
5389206
168511
1902268
34246530
34246530
213847
103
7241516
514
13855
322
514
11234
24383
326711
514
99504
514
15176171
514
562
16587498
39
514
8
7241516
514
322
4429363
-1
514
1076106
16
977
4429363
48
8315585
9162
1051
4154
52
52
3174
52
52
34840
14035
1051
1051
14035
1257
2802523
413195
10214
606056
13696603
91937
2593973
20730209
123
263
4529849
2401063
8980574
6123218
50
50
27
746
2265777
351
7333
622
844
739
3519
3519
3519
3519
3519
3519
47143902
-1
-1
26
208
-1
3876
257
358
1559
3449
276
124
1830
196
1303
11407022
285
702
-1
1288
-1
-1
9368379
548
13917018
1623
529
3120
286
2227
2340
4963
-1
-1
359
40276185
3093916
7945425
15561843
64283
53890391
162778
572
1226769
330248
6041
9006644
28676259
-1
6491
546
42
32
64
66
2200
2243
12830
449
2083
176
4052
50
29114
3214768
77
7
3199
-1
446
-1
555788
1647
57315527
34228309
1266655
-1
34947631
57315527
48902
7409129
10151377
518
12116167
80194
18664144
348
-1
17346
6557
14
8463
153071398
-1
64097
13441577
29537387
138
4801219
9532601
1273978
339
3486369
23831
1525
59581956
2579899
187453
62490
5914139
14902235
33118
488256
151040
370242
507055
38482248
5818586
38984
178395145
138
161270
30535759
59581956
18736
605275
5069456
93
2920
2724
93693
6175769
594658
370242
257
2464167
147569
5913
13264
-1
-1
10952
2837
956
352
1099
838
653
115198
101142
-1
-1
116
-1
116
-1
116
4332
-1
-1
116
67140
-1
-1
-1
-1
-1
27479610
18498
50085
267
4408
1470
4170
1282
24886
11365
5193
1433
1827
732
1214
2037
-1
-1
160
-1
2303
34118190
34118190
34118190
7627
281
133
81
16568950
8967
482
379
11448
2557605
1239
257
379
43
7762
31362
59880227
-1
224987
25929817
-1
171
-1
-1
43
-1
-1
76
76
76
-1
76
274135
12138
489
-1
348
874
123
351961426
1078306
55
429362222
11163199
24981717
49467712
78689439
-1
-1
430
141575
4
32
1358
576
492
25757
25757
99
18110
188169
3117
201
299
41
-1
32
1832
-1
402
4789
914
-1
-1
-1
3388
-1
-1
-1
914
-1
-1
-1
1267
351
300
169489
2023
3954
300
10
169489
169489
10649
351
351
-1
11667
9081
806117
6387
-1
108
89
199
12183
57
84370559
1046
35845
-1
-1
-1
169
-1
782
-1
-1
180
134842
847
885972
286
7341
5343
585
585
585
7731
439
1990
13299
585
4234
585
585
585
585
585
585
585
585
1990
335
-1
521
147
-1
2457
-1
314
120
392439
3769
23
33489
287
52067
1679720
-1
2490
2064
1591
41394
-1
355
676057
1848
6714
13984
5656
1016
410
74120
1958
141955
556
109915
30644889
16400
57254
50825
6565
-1
308
5878
-1
226801
2111837
93464
4429363
3990262
4262979
29
4905
1557
77
29726
181
109
13336130
135
89
203
38189
2687
643509
25
-1
449819
694
12078
7674
10715680
47899
-1
-1
-1
586
-1
57382
1069
368557
663
319097
9
2249908
2249908
53315
2410010039
586357
345
3358114
9052269
17245391
20354608
73096
624959098
1800
769
154524
12
34256840
3580
58
13020
12
186
9356
1947
223
451350
38
48
201
52
-1
4504
172746
19
173
3962
751
266
32
33708983
733506
116
1373
61416
28265
60968
800
1033
41807
1033
688
7537
278
2106
605
44368
10201232
41342
858
885
135787692
9153
2071
664
1789
6020
1789
588695
1789
33795921
1789
183165
1789
799
1789
15554
1552
470
57
657
983
2142
44801
661
453
6644
4281
7656
38040
3377
2618
28278
2457
48
569
3323
2618
387
99529
2368
223024
133393
58074
33687
60413
-1
4008
8543
3837
3656
362
6691
362
93
275
15455
409
1383
409
5344967
735
36266
579830
467
227594
1401
-1
133
26919403
497
119043
418118
44098
86293
491
3148
8315
525978
598894
78
947
205383
7243
4554
5
461
254
317
230
2872
128
3073
-1
5879
7531
115086
522403
27711949
3481043
522403
1266
2926
137
6328729
146
42
662
268
91
578
1810780
1833950
-1
1212
590
212
-1
12071
2580
1535
2545
34
-1
2084
-1
6867
92264
2022
19562
40691
6338
298
28473
17272
3395
21659065
2702
5454
3691729
382565
30898
1091740
596402
7213659
5927
40
95
667
678
167
1462
37
8260
11
6684
23
2544
6684
23
585
831
3867
629
386
39
113401490
4925941
183
689360
58
689360
113401490
3867
183
90645
232
1464834
588899
4869
2787988
4869
7053
29039
1261
145
3154
1337
2897
-1
112
1086
58
1363
46
1172
457
62409
329
24279
204
669
196
104
275
558
849
43827
21353
5431
8998
37676
974
5237
143
431
84
974
27
488
488
9778
9778
9260
6824
13713
1007
3452
455
5624
9912
18605
48368
7211
13
3026
9273
31617
1084
390728
40200
35701
14339
7507
443
773
31652
64200
110996
284378
2192
1298
25093
9468
3614
743205
743205
2266
4981
13343
420
9446
6193
20203
449646
167
10092
149664
125837
525414
283
46743709
86118
15561872
92135843
2
4251641
4957
13832032
-1
8
34
834
234394
132
52
70
89
50
26
210
162
666
904
-1
241
158
3369
553
553
97
17555
1
1
193043
646904
1
2
646904
0
4276
1796244
10248
4276
949
709774
142
774
131456
15
17900
463
511
582
571196
840
3
51
389
727
1014
4
336
1043
317
458
4895
194
41
225
3974
11375825
317541458
40743787
19
3181
26332
1097
43481
873
3181
1443711
1766
144
1005
-1
7810
7810
83
174
16482
426
16482
3622
711
91032
456
6388
35757
331
7250661
162537
48
947900
760
221
260
112
2
284006
26
4547
-1
-1
273821
277099
35
26
5
20863
464
16
26
2
8
3
290
2
640
141
125
204
12639
1803
60265
12608
3117
7252
9712
11594
33376
5
4
4
2
1468
30
1932
311
7
69
4
66681
6469
1
0
1166
1233
-1
1785
735
203
1633
911
1933
1054
233
916
57
2025
2928
26
486
11
7
6324
1
11
5
9
-1
-1
-1
-1
-1
13
0
944
112
6741
55
6
44
383
473
30
765
50782
19389
1383
124214
10152
277600
3735
5015
100743
1300
51084
753
2211
156
3048277
8679
591
1895
5851
675
5207304
266
522
1140781
1954
18912
1512
-1
9763
123
2725
51
73988
1228
21
35225
520
674
880
446
4945
505
30086
639
-1
2521
150
23
3418796
583
3251
3084
65
4251
393
2041
4116
6655
2657
56
18822990
29546
0
-1
26397
-1
722
31341
1111
1031
307
1054
37
1160
759
1414
103
172541
451
870
131472
178862
48100
11528
1887
2181
6096
4953
339
1721
12590
1516
38086
2098
1759
716
9683
7908
33793
7880
3886436
51288808
585
1511
208175
469
-1
43
0
-1
-1
3066
-1
280
6330
1059
-1
-1
2662
16016
-1
86102
574626
36
-1
12311
-1
326
336
-1
60
1952
16016
19035
2148
332
278
6551
1485
32178
26011
9856
3892
29028
9856
19076
5125
133147
97938
24774
150918
251181
20096
101296
27944
7128
806
74335
1485
3414
800
2244
2366
8413213
4761707
504635
545936
3013
1088756
2197
147156
1249085
435144
1881990
217
973429
1559
97828
-1
1830
1303
-1
78
-1
2698
1025
671
10118
497
113
1523
393
15579
12
2698
6908
18698
2821
62500
2858
118
2911
318
114
1216
2126436
219147887
8303260
27
1111
199691967
1724
31465508
881
-1
3744
94355132
176
8093796
6396
12975556
1327271
43
356
212
2821
1192
1760
450
32204215
373
1636
212
4633
212
268107
308
85
1275
9330
867
841
882868
106303
5454
1837
1257
753
298
6929
731
26815088
87
26815088
74
5559
86
26815088
137417
13570192
14555
5556
1761
648006662
324931230
1006425
45222755
85
151190
139
582
220
2
815
2
489
267
4898041
20178927
20178927
746
175
20178927
20178927
175
4455049
7537178
5145875
335603
2692
141289445
471
79375
-1
-1
20273
4647
1694
63708
3087
426
5109
1732
20377
17987
342426160
18800473
-1
16727007
180138973
2246719
985
64
1728
985
715803
2236790
23993167
2730081
1158
1158
242
157396643
12
1703
531
-1
1703
-1
-1
-1
287
-1
451
451
1451
903
772
4757
4757
1302
1302
1302
4757
1122
1213
821
2846
2250
5978624
10886
8854
61348303
3884146
59880227
52856
3881693
241
16510
241
111469
160
794152
2903
430
27
2048
2048
160
5823
2048
3560
55889
8458
30115
32035
50
12
27
109
609
74
3812900
20
37
6900942
74819854
2504189264
169414
311
43
93327170
4764
1788
147712
50218
111
52
11594
3302
191
3153
952
210
788
4661
345
122136
-1
1433
20097
2710
272
1854
170
55
1295760
1622
12654
37784
125198
171
1376
-1
-1
-1
-1
14922467
1407194
236251748
1154
972135
4450
210
680898
981
32499
8556
88168
24239
28922
3370
67190
585
88
146
203
17834
5347
340
2158
1156
162
78
5225
354
381
1006
139
4232
13287
18890
-1
18890
26697
120
66
1564
70
364
6046
94
26697
29030
37834
25
1868
789
171
17274
455
931
43
20
11366
101
102
92
725
105789
590323
2042
2042
10665
9183
1825
9622
6020
26019
558184
43663
28
16887
273
415
9696
664
3712
249633
24405
28880
7035
91533
79696
443
33811
199
3831
337
104
29940
77642824
1624
7976
36958
1768
5471
1880
73780611
2544
588899
58
3867
42517
183
585
183
23333
7537
151
3805
21607
58457
27891
403
47965
1413
180
52944
1801
421
161637
3473
4054
12842
-1
17
174
99
1412
840
284
50
36
1300
899
2087
324
2601
206
67
616
2087
80900
114
194
287
2087
1031
734
31
206
228
2601
75
616
75
492
78425
97
493
176
365
102
4959
391
337
2783
1639913
604
96
199
56
191
264
282
89
2087
156
118
2601
536
536
67
5914
563
1473
209
114
173
2601
287
1473
387
79
114
5975
176
194
72
155
250
435
468
734
202
29
484
68
722
11383
212
3571
2087
309
2087
321
80900
49
56
78
224
97
391
144
208
378
176
100
4076
185
80900
99889
563
154
4
237
43
1473
211
80900
769
384
1473
149
48
300
299
375
161
171
160
468
234
14
470
165
405
173
92
13
80900
124
22
594
105
186
114
19
176
779
6996
33279
2609
10551
10551
4181
4305
3795
2009
2412
1630
573
394
500
159
51
337
10572
206
5497
1347
80
32
76
550
320
1533
947
840
51
28697
131
29
2922
276
106
40
46
82
17
48
183
2285
28
180
50
82
1443
100972
523
344
344
6618299
1885
4033
529642
55606199
565
1062
229
9
139
757
60
-1
-1
83
1312
6485
-1
40042
596
14386
3052
1419
585
154
527
2624677
61423553
2321
2242523
1062
56
982
982
203
104
5482
10118
-1
9824
8830
4006257
9125734
1146
648
1139
10755
5193
1027561
2365
165787
2554
273
1707
18294
1251
772
491
138
1354
5
732
7
1457
106
30
1739
61
72
382
1046
1720
103021
1664
8795
1664
1557
1557
431
8795
315
1046
1941
1664
66
103021
1720
2682
1720
431
1557
2042
2042
1505
5703
10665
1882
356
74
538
392
356
1283
3646
1443
63992
9811
100
11182
4177
2468
11182
3452
6270
4438
94160
205
5378
779
1929
105
49930
6100
6619
6619
-1
202
2
5291
1925
2434
92137134
5894
-1
-1
-1
20
-1
-1
12
183
5406858
78
438369383
-1
-1
82129
-1
2263484
1750
687222
453
15001649
13399078
200138
308
20387597
31427
446
56748
378
575
63
49383802
49
856
675
454
347
-1
211
675
2134
675
243
2978
56
73
76
63
56
188
77
3077
67
30734
82
11
2413
928
9116
12470
1845
25824
102
401
765
35448
2524
360
15092
3882
13576
160
12605
1111
3291
-1
514
2089909
32
7693
556
109
147244
562
2410022280
821
3358
290
7509
8121
3587
-1
-1
66410300
9993
10971
84
3712
197
3712
5633
38098541
23845
24
2911
2911
2911
2911
2911
139
2911
2911
212
2911
1398
16033
2911
2911
3747
751
4724
89
1984
15881
472
9317
7
1086
6186
2258
-1
2719
582163
5509
7322
467
2245
1633
4415
831
1173
1538
3444
1407
1407
1407
1407
252
387
-1
4908
252
1419
65
-1
14623
211
1923
523
1438041
138895
2701
1288
916
358
206
523
20268
2808
78
7423
-1
206
38
92725
-1
909
797
440
2998
363
216
0
1646
76
440
221
2378
-1
2201
0
20268
-1
1380
168
206
27
8152
297
1206
12
2865
6372
369
8314
5211
397
905
1184
29128764
1184
34
275
589
359
359
203599
9873
396104
11654171
210763
102
277
182
27480
3789
133
2315
22
6248
20268
-1
51289047
8584926
11963440
49
11
267
12
25239558
289
160
82469
155
-1
-1
249
50
115
1216
388
1926
2398
365
2113
2815
1606
2380
142
48705
151
150376
255116
1079346
623680
7035
119148
724298
4992
982365
57
17487819
330
201
672
240
154
113
1382
357
18
1170
374
1773
16
62058
6147304
8238357
28641
6562
6583256
-1
2536567
1831
178142
154901
5904965
-1
8183
582
457
1823
342
13865
1290
165
1823
-1
3657
-1
-1
274592783
3036
347693674
58413
4179
168
106
8
168
25
150
15
11
11
24122
22
14
3249
39382
1966
2649
1371
-1
-1
-1
-1
-1
53
-1
-1
-1
-1
-1
86
4480
1719
6740718
-1
-1
157746
-1
9716
39
41134
14974
89832398
74
3655584
2
10
0
1
0
0
1261331
0
39
0
1
12477513
238306
21781
6750
4965
6878
432
647
565
691
2198
1108
1187
69
26845987
155
11
11
18
64201
5
4
39
51113
887
154
6524
799
333
50
2040
84
382066
602190
3633
184
221
408
544
521
-1
-1
1747
-1
6164
8273
170
172615
661339
57104
621
3793
753
3793
1507
273
2350
249
325496934
247597
162
211
371
7762
2558
1091
-1
13133
-1
1776
-1
301
39
52
422
7670
315347
-1
-1
12542
-1
-1
275
313
744
16
2252
64
-1
190
1591
86042
-1
-1
543
11047
2112
368
564
1420
8038
5072
327
23358
31451
8038
4492
3166
983
-1
-1
-1
-1
1184
227
-1
10995
589
280
4940062
26351
1590
2406
2734
1037
-1
1426
1146
43332
1476
85660
-1
8229476
3264
142
2820280
269467863
3374998
91584
1403
16691
18539
611
3909
34853
29979
140449
21815
482
1250796
1229501670
85498
594
732
123
6775
118
139448
190
20180
621
118
12703
1229
5546
364
13
364
1956
364
364
1255
364
364
1218
364
125
364
364
364
2478
364
32793
29771
9913
1371
9213
346
14688
12641
926
250994
31131
37120
22740
862
335847
61493
75424
862
1198878
93403
33733
56
281230584
306
384
56
384
84976
492
1694
384
27015
38642
239
2037
171
78766
6324
78766
801
47
45
2782
104
13307
38
992
2332
7365
1741
904
58065
8505
9546
6287
3461
565
2527
5395
5498
20648
3571
113
87
38638
52
215
3446
13869
14802
150
2179
13
600
317
6
9693213
17823
3389
275
333172
532
231
288
2510
784
14408
56273
47244
1467
2226
954
129
73
-1
646
159
2394
45
159
-1
13
8
-1
-1
159
-1
7089
28290
21782
60230
160280
33609
387
742653
250
2585
30
451927
11780
5625
-1
-1
-1
-1
-1
2
4
0
3837605
6
6431606
1474
618
33
55992
3985
11
12
178142
178142
178142
178142
7551
110
55
35849
945
1037
5895
1726
-1
3776
-1
423
3776
54
21
1161
158
537
25
813
-1
935
1922
3776
284
201
6493
1301288
2125
410575
17323
7213
124
3324
3735
329
8777
3754
274
523
15398
1345
582520
324
23389616
971
1710
1345
6528
343
13
521
1117
1661
163324
815
488
1472
30
1472
88
574
1472
1687
3665
80989
-1
2919
11695
764
799
14601
11280
30666
7639
-1
-1
-1
6985308
177
-1
2343
1248
49
1248
23
1064
12694209
185
1248
-1
-1
426399678
102
3509
5693187
1175777
4104
2382047
-1
-1
-1
42743
12186947
-1
-1
8597123
-1
21
-1
81120
882727242
546
270344
226
6066810
11889
171
-1
368791936
565
126975
4796077
6757799
10
14130
92537
45974570
12
307638
423
24757680
4782
1607771
1298
102
520514
351
7415
445
37
1798
6795
60797
1059
60797
85
186
504
59
85
631
5961303
140
5614
2496
1587
3064
4500
-1
-1
2383
122209
5895722
2597
5746683
107
7657424
465
1448
300
352
325427
8596580
-1
577798005
109
1818308
11238
1247477
10736200
491835813
-1
-1
-1
-1
-1
1325856
128703
141
45770
1646042
5333763
15558200
42
2952855
7135
23373
2166817
24546
78730254
6224
-1
577797070
125719479
2670
53661
194
1683781
6224
6224
-1
811865
-1
-1
-1
-1
1423
1423
318572
-1
5355
105835656
326847
57080
57080
2240
8784
27
1941070
104
1941070
53870880
2670
29681704
1941070
928
1941070
99543359
63370
3
1488
4804
4027697
6224
4027697
41647
2330
11869400
577797070
577797070
274183
185
26186477
-1
27034855
85617
1531539
4795825
1018
99055
20582
4457
172896
2086
24196
4626
5235
1022
41
85349
30136
4327
1245
108
2587
40910
1137
1458
1100
14855
342
237
1050
1189
2417
-1
-1
2587
-1
-1
5173
-1
-1
-1
650
6653630
-1
5448345
1187
-1
53815177
45780
340926
3160193
71476
29
444805
453969
2962343
7376826
3940
4443
1580
-1
-1
-1
70390541
865
-1
-1
370
71824
14945
308
5567496
73
-1
246
573
-1
1922
15
23
3
9
7
11
11
8
13
10
6
30
9
1243
33
6
431
9
134
17
30
7
18
1243
8
366
14
12
13
7
14
30
30
15
6
6
1243
8
8
6
7
23
30
15
6
1243
8
9
0
7
3
0
36
12
15
1243
6
5
6
6
3
431
30
9
6
9
1243
5
12
7
6
2
6
8
0
1
3671
0
1
1
3048738
0
14489
0
11801
9
1
156
134
9084
0
1541334
39400
2513
2513
2990
200
349
1866523
6472
22460
26328
10410
74
68885
1167
11254
2400
644
-1
2417764
13887
3453612
21141509
288497
6906
-1
2232
3819
8456
3826
3236
3236
154610
2232
1668
6513
-1
42217
42217
31008
1198055
634
1198055
231744
1391
192525
2195
2550
547
489
777
1800
38
4617
2734
228
3019
3050
3586
3406
2517644
12922
8624
754854
401
4818
754854
104
69
930
510
-1
10895
101
-1
-1
125262
125262
125262
125262
-1
-1
-1
-1
-1
2099
2099
-1
-1
-1
-1
-1
-1
-1
-1
-1
-1
-1
-1
-1
162767
-1
-1
-1
-1
-1
-1
-1
7975
7975
7975
7975
-1
52
52
52
52
52
2099
2099
2099
2099
2099
2099
2099
2099
2099
15070
-1
-1
-1
-1
-1
360
111
111
111
111
812
-1
9595
9595
9595
322
60
-1
-1
-1
-1
-1
-1
-1
-1
-1
-1
-1
-1
-1
-1
-1
-1
225404
225404
127
28
28
28
28
28
2441
-1
2099
2099
2099
-1
-1
-1
75066
75066
5473
5473
5473
5473
5473
5473
5473
30
30
30
812
812
-1
-1
523
523
-1
-1
-1
40962
40962
40962
2099
2099
2099
2099
-1
-1
23245
-1
-1
-1
-1
-1
-1
-1
-1
2099
2099
18
18
830
830
830
297
-1
-1
112053
245824
33565506
68
-1
-1
114
114
13074056
13074056
13074056
13074056
13074056
13074056
13074056
-1
-1
-1
-1
179
75
771
140
75
75
75
3858
-1
1802
-1
2437
26242
611
2277
847
292
1200
4508
223
-1
3
3
2
6
2
26
4
3
355
6
-1
177
2
3
4
4
5
1
19
74
160
9
2
0
17
27
1
5
6
9
5
3444788
98773
2563
518384
21
85095
33
6954756
2563
376
1824677
5025209
85095
825
6894391
3976
339
1
1
27876524
-1
2
1
3
5
58
-1
-1
-1
-1
-1
-1
-1
-1
-1
-1
-1
-1
-1
-1
-1
-1
-1
-1
-1
-1
-1
-1
-1
-1
-1
-1
-1
-1
-1
-1
-1
-1
-1
-1
-1
-1
-1
-1
-1
605046
12
306
16
20
23
15
13
27
26
19
-1
-1
-1
-1
-1
-1
4596
224
2948
633
51394
-1
-1
7674334
-1
-1
553
686938
-1
-1
33191798
-1
-1
-1
145423
601147
-1
31149302
13969854
27528
-1
2
2
1
3
9
4
0
0
2
0
1
5
1
0
39
-1
39
-1
2064643
6384
-1
5
8
14
0
2
26
19
12
9
12
-1
-1
-1
-1
-1
-1
-1
-1
29
9
224
18
36
8
1436
29
114
17
39
-1
5
18
3
11
4
-1
1
8
51
0
7
4
15
25
7
9
11
5
6
29
5
10
10
11
1
4
10
9
9
4
11
4
8
-1
744
178
151744
2151
3222110
1820946
182148388
-1
-1
56
209505
-1
181806478
9410337
23699963
245
300
7129
-1
-1
-1
99
118727
-1
94
983448
133140955
80
50
988
18226844
76964
19270
142
146823091
5375
9932
102799
15719
9030573
47
6
841
24263
16234
33652
9272196
876275
9272196
148146
726843721
80194
-1
44653
-1
20
146209
104
41410425
73
248703586
3653562
193
1256
284
4740
2192
1219
3653562
3653562
499
2647
-1
80
1707
485
283
10164
1876
792763
768
163
1565
1144
3096
268
9641
163
679
1672
2012
2679
16636304
63859647
18
1928672
-1
223
-1
-1
-1
52
-1
-1
-1
-1
-1
1406
-1
-1
910
214
214
1026
560
1208
160
2554725
7190
13076453
26
57
3200672
-1
607
-1
-1
1006
143
56
-1
-1
-1
-1
-1
-1
-1
-1
-1
469
924
351
924
1123
12788
269182868
6724
2411
8805
6706
-1
460717
1075
257
51
-1
-1
-1
41
26
-1
7775
380
71
3021
31782
380
870
380
380
380
1057
380
380
380
-1
99
17
141
14
8
6152
1871
-1
11194
9283258
53
3
2
59168300
321127
144381
43
7
127933789
127933789
14784
2
48
36496259
179840
929776
45
14
765
717
1600
-1
8598
198
-1
6108
38606
840
-1
82
1
8
-1
2028580
683
689
192
887
317
9459
1101
8128
1101
1101
1101
7389
356
30791
16317
50613
498
20910
18270
98448
27475
-1
-1
9881
136
-1
419
